-1.265251487493515015e-01,5.129605159163475037e-02,1.324944049119949341e-01,2.797334790229797363e-01,2.702938020229339600e-02,9.596971273422241211e-01,0.000000000000000000e+00
1.028274595737457275e-01,-1.991910487413406372e-01,2.934834547340869904e-02,-1.256620287895202637e-01,-9.894158244132995605e-01,7.256283611059188843e-02,0.000000000000000000e+00
-1.868478208780288696e-01,-2.596027031540870667e-02,1.534958779811859131e-01,3.027453124523162842e-01,2.803042903542518616e-02,9.526591897010803223e-01,0.000000000000000000e+00
3.244302868843078613e-01,-8.537375181913375854e-02,-1.397257745265960693e-01,9.359801411628723145e-01,-1.828426122665405273e-01,-3.008483350276947021e-01,0.000000000000000000e+00
5.799752660095691681e-03,-1.861210912466049194e-01,2.840118110179901123e-02,-1.475184857845306396e-01,-9.815673828125000000e-01,1.215064302086830139e-01,0.000000000000000000e+00
-3.229869008064270020e-01,-2.924462966620922089e-02,4.196947067975997925e-02,-3.211852014064788818e-01,-5.271964147686958313e-02,-9.455478191375732422e-01,0.000000000000000000e+00
7.020363211631774902e-02,1.032858341932296753e-01,6.164925545454025269e-02,3.602536022663116455e-01,9.894578903913497925e-02,9.275920987129211426e-01,0.000000000000000000e+00
-1.914437264204025269e-01,5.991169065237045288e-02,1.532048285007476807e-01,4.127643704414367676e-01,3.637807816267013550e-02,9.101111292839050293e-01,0.000000000000000000e+00
5.131559818983078003e-02,1.837990283966064453e-01,3.282229416072368622e-03,1.542620956897735596e-01,9.862720966339111328e-01,-5.891098082065582275e-02,0.000000000000000000e+00
6.360381096601486206e-02,-2.005122452974319458e-01,-5.044647306203842163e-02,-1.130993291735649109e-01,-9.915221929550170898e-01,6.397074460983276367e-02,0.000000000000000000e+00
2.622721791267395020e-01,-2.009759098291397095e-01,-1.878907829523086548e-01,-3.651345372200012207e-01,-8.163645118474960327e-02,-9.273684620857238770e-01,0.000000000000000000e+00
-1.532170772552490234e-01,2.142642885446548462e-01,-6.564780487678945065e-04,1.487047970294952393e-01,9.836528897285461426e-01,-1.015573441982269287e-01,0.000000000000000000e+00
2.286984622478485107e-01,-6.987129896879196167e-02,-1.836832016706466675e-01,-2.884654700756072998e-01,-3.280503675341606140e-02,-9.569281339645385742e-01,0.000000000000000000e+00
-2.874792218208312988e-01,1.882567703723907471e-01,1.831753700971603394e-01,-8.473247885704040527e-01,1.869143396615982056e-01,4.970952868461608887e-01,0.000000000000000000e+00
8.519468456506729126e-02,-1.685982197523117065e-01,5.585261806845664978e-02,3.366227746009826660e-01,-7.918620854616165161e-02,9.383041262626647949e-01,0.000000000000000000e+00
3.279555141925811768e-01,1.324186027050018311e-01,-9.586934000253677368e-02,1.741607338190078735e-01,9.830302596092224121e-01,-5.761590227484703064e-02,0.000000000000000000e+00
2.474574893712997437e-01,2.205404452979564667e-02,1.559823518618941307e-03,3.540143668651580811e-01,8.167057484388351440e-02,9.316672086715698242e-01,0.000000000000000000e+00
-2.772387266159057617e-01,-1.361187249422073364e-01,7.107561081647872925e-02,-1.636276245117187500e-01,-9.864503145217895508e-01,-1.190909184515476227e-02,0.000000000000000000e+00
-2.396187037229537964e-01,-1.392525881528854370e-01,1.325761228799819946e-01,-1.506486386060714722e-01,-9.875624179840087891e-01,4.500445351004600525e-02,0.000000000000000000e+00
-1.443318128585815430e-01,-1.631326973438262939e-01,6.585542578250169754e-03,-1.342272907495498657e-01,-9.907761216163635254e-01,-1.859311759471893311e-02,0.000000000000000000e+00
3.062373399734497070e-01,-6.918179243803024292e-02,-1.821987703442573547e-02,3.930271863937377930e-01,2.129173651337623596e-02,9.192802906036376953e-01,0.000000000000000000e+00
-2.348789274692535400e-01,-5.236676428467035294e-03,3.155175363644957542e-03,-4.080851078033447266e-01,-5.875957384705543518e-02,-9.110509753227233887e-01,0.000000000000000000e+00
2.677447199821472168e-01,-5.794394761323928833e-02,-2.785104559734463692e-03,3.594366014003753662e-01,2.150980196893215179e-02,9.329215884208679199e-01,0.000000000000000000e+00
3.209588229656219482e-01,-1.431950032711029053e-01,-1.123736426234245300e-01,9.347355365753173828e-01,-2.132986932992935181e-01,-2.842061221599578857e-01,0.000000000000000000e+00
1.946758478879928589e-01,-2.281929999589920044e-01,-1.066268682479858398e-01,-2.172765582799911499e-01,-9.739199876785278320e-01,6.535103917121887207e-02,0.000000000000000000e+00
-2.077676653861999512e-01,-1.138943210244178772e-01,1.630545556545257568e-01,3.064515888690948486e-01,4.665901884436607361e-02,9.507420063018798828e-01,0.000000000000000000e+00
-2.577455639839172363e-01,1.649190187454223633e-01,1.793112754821777344e-01,3.770789802074432373e-01,2.939185686409473419e-02,9.257146120071411133e-01,0.000000000000000000e+00
-1.352702528238296509e-01,1.551406383514404297e-01,-4.149758070707321167e-02,-3.572963476181030273e-01,5.808429047465324402e-02,-9.321832060813903809e-01,0.000000000000000000e+00
8.131123334169387817e-02,-4.478923603892326355e-02,6.455172598361968994e-02,3.300641775131225586e-01,-7.814794778823852539e-03,9.439261555671691895e-01,0.000000000000000000e+00
-1.825363487005233765e-01,-1.548797488212585449e-01,-1.091700140386819839e-02,-3.915729820728302002e-01,-5.179011821746826172e-01,-7.605583071708679199e-01,0.000000000000000000e+00
-1.518882513046264648e-01,2.262007594108581543e-01,1.277586221694946289e-01,2.232595682144165039e-01,9.683535099029541016e-01,1.115647107362747192e-01,0.000000000000000000e+00
2.939294576644897461e-01,-1.840016096830368042e-01,-1.649051010608673096e-01,9.158310294151306152e-01,-1.996644437313079834e-01,-3.484073281288146973e-01,0.000000000000000000e+00
1.404636204242706299e-01,8.050600439310073853e-02,3.734621778130531311e-02,3.517324626445770264e-01,1.092515587806701660e-01,9.297033548355102539e-01,0.000000000000000000e+00
2.165534496307373047e-01,-2.337717711925506592e-01,-1.555533856153488159e-01,-2.348200082778930664e-01,-9.719238281250000000e-01,-1.495571248233318329e-02,0.000000000000000000e+00
3.336018025875091553e-01,-9.704134613275527954e-02,-1.033156365156173706e-01,9.332244992256164551e-01,-1.960419863462448120e-01,-3.010973036289215088e-01,0.000000000000000000e+00
-2.733142971992492676e-01,6.708059459924697876e-02,1.732331514358520508e-02,-3.804223239421844482e-01,-4.975658655166625977e-02,-9.234734177589416504e-01,0.000000000000000000e+00
1.492933630943298340e-01,-2.146708965301513672e-01,-6.551692634820938110e-02,-2.099068164825439453e-01,-9.723106622695922852e-01,1.027187407016754150e-01,0.000000000000000000e+00
-1.051409989595413208e-01,1.854205131530761719e-01,1.192041113972663879e-01,3.431317210197448730e-01,6.835389137268066406e-02,9.367968440055847168e-01,0.000000000000000000e+00
4.251459985971450806e-02,4.174793139100074768e-02,7.620617747306823730e-02,3.495379090309143066e-01,4.193834587931632996e-02,9.359831213951110840e-01,0.000000000000000000e+00
-2.985577583312988281e-01,2.453879415988922119e-01,1.072692945599555969e-01,-2.689164876937866211e-01,9.604384899139404297e-01,7.240017503499984741e-02,0.000000000000000000e+00
9.557352215051651001e-02,-1.937196850776672363e-01,-1.207786872982978821e-01,-3.907957077026367188e-01,-1.516566723585128784e-01,-9.078981280326843262e-01,0.000000000000000000e+00
6.666866689920425415e-02,-8.942674845457077026e-02,6.898765265941619873e-02,3.350030183792114258e-01,-3.924826160073280334e-02,9.413992762565612793e-01,0.000000000000000000e+00
3.013878688216209412e-02,1.877904385328292847e-01,1.746716722846031189e-02,1.598344594240188599e-01,9.859896302223205566e-01,-4.772260785102844238e-02,0.000000000000000000e+00
-2.670416235923767090e-01,-1.127980127930641174e-01,1.996622607111930847e-02,-3.914486467838287354e-01,2.265558764338493347e-02,-9.199210405349731445e-01,0.000000000000000000e+00
8.532083779573440552e-02,-9.615599177777767181e-03,-1.338759809732437134e-01,-3.634475767612457275e-01,-2.086259983479976654e-02,-9.313810467720031738e-01,0.000000000000000000e+00
-3.654936254024505615e-01,-8.051521331071853638e-02,5.829837173223495483e-02,-2.643408998847007751e-02,-1.499627083539962769e-01,-9.883382320404052734e-01,0.000000000000000000e+00
7.069798558950424194e-02,-6.011847034096717834e-02,6.819034367799758911e-02,3.352949023246765137e-01,-8.495620451867580414e-03,9.420748949050903320e-01,0.000000000000000000e+00
3.017096519470214844e-01,-1.154014021158218384e-01,-1.832609474658966064e-01,9.021312594413757324e-01,-1.933059990406036377e-01,-3.857356011867523193e-01,0.000000000000000000e+00
-7.090381532907485962e-02,-1.442703325301408768e-02,-6.989906728267669678e-02,-3.956187665462493896e-01,-4.188299179077148438e-02,-9.174593091011047363e-01,0.000000000000000000e+00
-1.165316626429557800e-01,1.680487990379333496e-01,-4.786396026611328125e-02,-3.132727444171905518e-01,8.498386293649673462e-02,-9.458529949188232422e-01,0.000000000000000000e+00
-6.156932935118675232e-02,2.255155891180038452e-02,-7.488483935594558716e-02,-3.870694041252136230e-01,-1.415835041552782059e-02,-9.219418764114379883e-01,0.000000000000000000e+00
5.902005732059478760e-02,-2.020205557346343994e-01,-8.235154300928115845e-02,-1.197079643607139587e-01,-9.904447793960571289e-01,6.847751885652542114e-02,0.000000000000000000e+00
-1.439315527677536011e-01,-5.872369278222322464e-03,-3.882923722267150879e-02,-3.998879194259643555e-01,-8.370075374841690063e-03,-9.165258407592773438e-01,0.000000000000000000e+00
-3.810935616493225098e-01,-8.798186480998992920e-02,6.164540722966194153e-02,-9.529810547828674316e-01,1.219883263111114502e-01,-2.773912847042083740e-01,0.000000000000000000e+00
3.628974854946136475e-01,8.181109279394149780e-02,-5.111075565218925476e-02,3.742989897727966309e-01,1.414238214492797852e-01,9.164603352546691895e-01,0.000000000000000000e+00
1.939934641122817993e-01,5.661163851618766785e-02,1.910546794533729553e-02,3.650951683521270752e-01,9.755276888608932495e-02,9.258450269699096680e-01,0.000000000000000000e+00
-4.592178761959075928e-02,1.233141962438821793e-02,1.076938733458518982e-01,3.161441981792449951e-01,3.235255554318428040e-02,9.481593370437622070e-01,0.000000000000000000e+00
-8.017994463443756104e-02,-1.224155426025390625e-01,-5.780638381838798523e-02,-3.877048492431640625e-01,-9.763412177562713623e-02,-9.165983200073242188e-01,0.000000000000000000e+00
-3.187794983386993408e-02,-1.011266484856605530e-01,1.030294150114059448e-01,3.454028367996215820e-01,-4.028364643454551697e-02,9.375895261764526367e-01,0.000000000000000000e+00
-4.544899985194206238e-02,-1.836858838796615601e-01,-5.663858354091644287e-02,-2.246990799903869629e-01,-9.738135337829589844e-01,-3.460469469428062439e-02,0.000000000000000000e+00
-3.284901976585388184e-01,8.762042224407196045e-02,1.349403262138366699e-01,-9.265555143356323242e-01,1.826571375131607056e-01,3.288331329822540283e-01,0.000000000000000000e+00
-3.795275986194610596e-01,-1.167895719408988953e-01,6.420442461967468262e-02,-1.596023291349411011e-01,-6.909729838371276855e-01,-7.050414085388183594e-01,0.000000000000000000e+00
2.793067097663879395e-01,3.071828745305538177e-03,-9.723184630274772644e-03,3.689096570014953613e-01,5.964101478457450867e-02,9.275497794151306152e-01,0.000000000000000000e+00
3.247525542974472046e-02,7.523889653384685516e-03,8.097327500581741333e-02,3.254081308841705322e-01,2.399538829922676086e-02,9.452691674232482910e-01,0.000000000000000000e+00
1.245119348168373108e-01,-1.660919040441513062e-01,4.231915622949600220e-02,3.332730531692504883e-01,-1.037340983748435974e-01,9.371063709259033203e-01,0.000000000000000000e+00
3.298532068729400635e-01,-1.856030523777008057e-01,-5.137620493769645691e-02,9.783638715744018555e-01,-2.064541578292846680e-01,-1.344682741910219193e-02,0.000000000000000000e+00
1.517817974090576172e-01,-1.872955709695816040e-01,-1.453737467527389526e-01,-3.774724006652832031e-01,-1.484190672636032104e-01,-9.140494465827941895e-01,0.000000000000000000e+00
1.950002908706665039e-01,4.294832795858383179e-02,-1.729441285133361816e-01,-3.260985612869262695e-01,5.084836110472679138e-02,-9.439672231674194336e-01,0.000000000000000000e+00
3.087748885154724121e-01,-2.448741942644119263e-01,-4.068778827786445618e-02,-3.028848953545093536e-02,-7.062928080558776855e-01,7.072715759277343750e-01,0.000000000000000000e+00
-2.426508218050003052e-01,1.114173755049705505e-01,1.740985065698623657e-01,3.927752971649169922e-01,-3.554789721965789795e-02,9.189471602439880371e-01,0.000000000000000000e+00
2.502409815788269043e-01,1.095378622412681580e-01,-1.865910738706588745e-01,-3.376083672046661377e-01,1.233676373958587646e-01,-9.331672191619873047e-01,0.000000000000000000e+00
2.894369363784790039e-01,-1.944729983806610107e-01,-1.946208067238330841e-02,2.964233160018920898e-01,-1.757434308528900146e-01,9.387478232383728027e-01,0.000000000000000000e+00
2.523569762706756592e-01,8.517916500568389893e-02,-7.640001829713582993e-03,3.606966733932495117e-01,1.453095525503158569e-01,9.212942123413085938e-01,0.000000000000000000e+00
-3.162312805652618408e-01,1.154111176729202271e-01,3.143770992755889893e-02,-3.360613584518432617e-01,-3.956923633813858032e-02,-9.410085082054138184e-01,0.000000000000000000e+00
-1.545054167509078979e-01,-9.145467728376388550e-02,1.454676836729049683e-01,3.065069913864135742e-01,2.541633509099483490e-02,9.515290260314941406e-01,0.000000000000000000e+00
3.571604192256927490e-01,1.656308025121688843e-02,-1.033412441611289978e-01,9.316592216491699219e-01,-1.794753968715667725e-01,-3.159109055995941162e-01,0.000000000000000000e+00
1.058634221553802490e-01,-9.859760105609893799e-02,-1.376194953918457031e-01,-3.729263544082641602e-01,-8.248160034418106079e-02,-9.241876006126403809e-01,0.000000000000000000e+00
3.408081829547882080e-01,-1.209486722946166992e-01,-3.586592897772789001e-02,7.128692269325256348e-01,-8.960575610399246216e-02,6.955488920211791992e-01,0.000000000000000000e+00
-1.207032427191734314e-01,-1.648912280797958374e-01,3.392139449715614319e-02,-2.216049730777740479e-01,-9.728631377220153809e-01,6.654740869998931885e-02,0.000000000000000000e+00
-2.497400045394897461e-01,-1.121018081903457642e-01,1.265604514628648758e-02,-3.793956041336059570e-01,-4.007183387875556946e-02,-9.243664145469665527e-01,0.000000000000000000e+00
3.042144775390625000e-01,1.030853204429149628e-02,-2.042903006076812744e-01,-1.773460805416107178e-01,-5.029983073472976685e-02,-9.828622937202453613e-01,0.000000000000000000e+00
4.606867581605911255e-02,1.402335911989212036e-01,-1.100258156657218933e-01,-3.416184484958648682e-01,1.397063583135604858e-01,-9.293971061706542969e-01,0.000000000000000000e+00
1.195546761155128479e-01,1.963726244866847992e-03,5.047941207885742188e-02,3.337762951850891113e-01,2.483001537621021271e-02,9.423252344131469727e-01,0.000000000000000000e+00
2.610267102718353271e-01,-8.376073092222213745e-02,-1.918024271726608276e-01,-2.062200754880905151e-01,-1.946331560611724854e-02,-9.783120751380920410e-01,0.000000000000000000e+00
-7.154848426580429077e-02,5.251788720488548279e-02,1.142517030239105225e-01,3.840203583240509033e-01,9.415022097527980804e-03,9.232766032218933105e-01,0.000000000000000000e+00
-2.797189950942993164e-01,2.010729014873504639e-01,1.862164139747619629e-01,-2.846044003963470459e-01,9.543725103139877319e-02,9.538826346397399902e-01,0.000000000000000000e+00
3.376852869987487793e-01,8.581560850143432617e-02,-1.865722388029098511e-01,9.191339612007141113e-01,-1.403967142105102539e-01,-3.680780827999114990e-01,0.000000000000000000e+00
-9.779551066458225250e-03,-1.183063536882400513e-02,-9.579959511756896973e-02,-4.067339301109313965e-01,-2.028512395918369293e-02,-9.133214354515075684e-01,0.000000000000000000e+00
1.187250986695289612e-01,-2.125346660614013672e-01,-1.054217889904975891e-01,-1.749923825263977051e-01,-9.779846072196960449e-01,1.136825457215309143e-01,0.000000000000000000e+00
1.361757218837738037e-01,-1.582128554582595825e-01,-1.432957798242568970e-01,-3.814345896244049072e-01,-1.250242441892623901e-01,-9.159020781517028809e-01,0.000000000000000000e+00
-3.624051809310913086e-01,1.299143861979246140e-02,4.957230761647224426e-02,-3.663729131221771240e-01,-7.983352057635784149e-03,-9.304338693618774414e-01,0.000000000000000000e+00
-1.820750981569290161e-01,2.162169069051742554e-01,1.460102498531341553e-01,3.743817806243896484e-01,1.900019869208335876e-02,9.270799756050109863e-01,0.000000000000000000e+00
2.770247161388397217e-01,-2.446790039539337158e-02,-7.428222335875034332e-03,3.697870373725891113e-01,3.609141334891319275e-02,9.284152984619140625e-01,0.000000000000000000e+00
2.435449808835983276e-01,-1.577999442815780640e-01,1.544112921692430973e-03,2.980589866638183594e-01,-1.202622205018997192e-01,9.469413161277770996e-01,0.000000000000000000e+00
2.068364322185516357e-01,1.464128643274307251e-01,7.918010815046727657e-04,3.757331073284149170e-01,1.557644158601760864e-01,9.135437011718750000e-01,0.000000000000000000e+00
2.586399614810943604e-01,-1.367426663637161255e-02,-7.140672532841563225e-04,3.744275271892547607e-01,4.042641818523406982e-02,9.263744950294494629e-01,0.000000000000000000e+00
3.676809370517730713e-01,1.258341819047927856e-01,-6.605584174394607544e-02,1.690130978822708130e-01,9.822096824645996094e-01,8.184536546468734741e-02,0.000000000000000000e+00
-3.299634158611297607e-01,5.748225748538970947e-02,1.469721794128417969e-01,-9.294358491897583008e-01,1.726849824190139771e-01,3.260810375213623047e-01,0.000000000000000000e+00
3.315444663166999817e-02,1.877398937940597534e-01,2.567675337195396423e-02,1.447365581989288330e-01,9.884722232818603516e-01,-4.443027079105377197e-02,0.000000000000000000e+00
3.063148558139801025e-01,9.275032579898834229e-02,-2.073452770709991455e-01,-2.825058400630950928e-01,4.032819345593452454e-02,-9.584174752235412598e-01,0.000000000000000000e+00
1.092234775424003601e-01,1.097705960273742676e-01,-1.368207186460494995e-01,-3.301123380661010742e-01,1.160784289240837097e-01,-9.367772340774536133e-01,0.000000000000000000e+00
2.994993627071380615e-01,-1.394360959529876709e-01,-1.755287647247314453e-01,9.079355597496032715e-01,-1.970629841089248657e-01,-3.698907196521759033e-01,0.000000000000000000e+00
-1.195307224988937378e-01,4.276647791266441345e-02,-5.061795935034751892e-02,-3.821351230144500732e-01,-9.412095881998538971e-03,-9.240585565567016602e-01,0.000000000000000000e+00
-2.284559607505798340e-01,3.846495226025581360e-02,-1.318057184107601643e-03,-4.755308926105499268e-01,-4.984382539987564087e-02,-8.782858252525329590e-01,0.000000000000000000e+00
-1.449923515319824219e-01,-4.883247241377830505e-02,-3.642220795154571533e-02,-4.004618525505065918e-01,-3.239415213465690613e-02,-9.157406687736511230e-01,0.000000000000000000e+00
-2.360915690660476685e-01,1.116151660680770874e-01,1.714342534542083740e-01,3.550324440002441406e-01,-6.499233841896057129e-02,9.325920939445495605e-01,0.000000000000000000e+00
-1.587991118431091309e-01,-1.581816971302032471e-01,3.952445834875106812e-02,-1.581804156303405762e-01,-9.850115180015563965e-01,6.878393888473510742e-02,0.000000000000000000e+00
-3.640027046203613281e-01,-4.789738729596138000e-02,1.085855215787887573e-01,-9.182475805282592773e-01,1.608673781156539917e-01,3.618605136871337891e-01,0.000000000000000000e+00
-2.653385745361447334e-04,1.143499165773391724e-01,8.662906289100646973e-02,3.614559471607208252e-01,8.149833977222442627e-02,9.288205504417419434e-01,0.000000000000000000e+00
1.280304342508316040e-01,-2.011960595846176147e-01,-1.333540529012680054e-01,-3.761845231056213379e-01,-1.449800878763198853e-01,-9.151316881179809570e-01,0.000000000000000000e+00
2.491131424903869629e-01,-1.773994788527488708e-02,3.277786308899521828e-03,3.684476613998413086e-01,3.046925179660320282e-02,9.291490316390991211e-01,0.000000000000000000e+00
-6.243460997939109802e-02,-5.048174411058425903e-02,-7.165850698947906494e-02,-3.956155776977539062e-01,-6.088772043585777283e-02,-9.163956642150878906e-01,0.000000000000000000e+00
-9.028690308332443237e-02,2.076994776725769043e-01,3.074015863239765167e-02,1.509875059127807617e-01,9.847039580345153809e-01,-8.695361018180847168e-02,0.000000000000000000e+00
2.815656661987304688e-01,7.239199429750442505e-02,-2.007621079683303833e-01,-2.967303991317749023e-01,3.859308734536170959e-02,-9.541811347007751465e-01,0.000000000000000000e+00
2.073064744472503662e-01,1.061640828847885132e-01,-1.718318760395050049e-01,-3.366306126117706299e-01,1.189417168498039246e-01,-9.340946078300476074e-01,0.000000000000000000e+00
-3.432182967662811279e-01,-4.513025283813476562e-02,1.590104550123214722e-01,-9.281781911849975586e-01,1.591041684150695801e-01,3.364091515541076660e-01,0.000000000000000000e+00
-2.056674659252166748e-01,8.077382296323776245e-02,-1.248034182935953140e-02,-4.136269688606262207e-01,3.971116244792938232e-02,-9.095799922943115234e-01,0.000000000000000000e+00
2.435899674892425537e-01,1.054688245058059692e-01,-7.366023492068052292e-03,3.718456327915191650e-01,1.509399712085723877e-01,9.159409999847412109e-01,0.000000000000000000e+00
-3.893033042550086975e-02,-4.154795780777931213e-03,-8.383981138467788696e-02,-3.862677812576293945e-01,-2.498663030564785004e-02,-9.220482110977172852e-01,0.000000000000000000e+00
2.939813137054443359e-01,1.365367323160171509e-01,-1.149380728602409363e-01,1.471894085407257080e-01,9.847495555877685547e-01,-9.275565296411514282e-02,0.000000000000000000e+00
-1.389444172382354736e-01,2.170007228851318359e-01,4.708937555551528931e-02,1.855898648500442505e-01,9.788440465927124023e-01,-8.614359050989151001e-02,0.000000000000000000e+00
-8.025453984737396240e-02,7.782454043626785278e-02,1.168271973729133606e-01,2.894408702850341797e-01,5.673594772815704346e-02,9.555129408836364746e-01,0.000000000000000000e+00
2.936092913150787354e-01,-1.998892426490783691e-01,-2.187677659094333649e-02,2.840057313442230225e-01,-2.416710704565048218e-01,9.278662800788879395e-01,0.000000000000000000e+00
-2.631730735301971436e-01,2.921304665505886078e-02,1.831185519695281982e-01,5.015387535095214844e-01,-4.096489027142524719e-02,8.641647696495056152e-01,0.000000000000000000e+00
1.213998254388570786e-02,8.395776897668838501e-02,-1.035548076033592224e-01,-3.550392091274261475e-01,8.375727385282516479e-02,-9.310917854309082031e-01,0.000000000000000000e+00
-1.877344995737075806e-01,9.165249764919281006e-02,-2.074746787548065186e-02,-3.677340745925903320e-01,-2.241218276321887970e-02,-9.296608567237854004e-01,0.000000000000000000e+00
-3.452317044138908386e-02,-1.191854253411293030e-01,-7.750677317380905151e-02,-3.893973827362060547e-01,-1.146764829754829407e-01,-9.139031767845153809e-01,0.000000000000000000e+00
-3.704303205013275146e-01,-8.074542880058288574e-02,1.078283116221427917e-01,-9.033613204956054688e-01,1.668796688318252563e-01,3.950816392898559570e-01,0.000000000000000000e+00
1.176790148019790649e-02,-1.899316310882568359e-01,-8.868774748407304287e-04,-1.677056401968002319e-01,-9.817956686019897461e-01,8.917465060949325562e-02,0.000000000000000000e+00
-1.298204809427261353e-01,-1.635575890541076660e-01,3.034990467131137848e-02,-1.357864290475845337e-01,-9.907373189926147461e-01,1.261240453459322453e-03,0.000000000000000000e+00
3.304167389869689941e-01,-1.285750716924667358e-01,-9.229221940040588379e-02,9.321444630622863770e-01,-1.985842585563659668e-01,-3.027721941471099854e-01,0.000000000000000000e+00
-1.168511882424354553e-01,1.112482398748397827e-01,1.272202283143997192e-01,2.942208051681518555e-01,4.949355125427246094e-02,9.544550776481628418e-01,0.000000000000000000e+00
2.665760219097137451e-01,-1.824010461568832397e-01,-1.904082298278808594e-01,-3.031055927276611328e-01,-4.778046160936355591e-02,-9.517583847045898438e-01,0.000000000000000000e+00
-2.243921011686325073e-01,-1.492120027542114258e-01,1.853850856423377991e-02,-2.898850440979003906e-01,-9.481731653213500977e-01,1.301320940256118774e-01,0.000000000000000000e+00
1.432653963565826416e-01,1.088952869176864624e-01,3.257278725504875183e-02,3.604964017868041992e-01,1.247794181108474731e-01,9.243767857551574707e-01,0.000000000000000000e+00
1.367693990468978882e-01,5.038861557841300964e-02,4.162848368287086487e-02,3.437444269657135010e-01,7.721924036741256714e-02,9.358829855918884277e-01,0.000000000000000000e+00
-5.272205919027328491e-02,1.067146062850952148e-01,1.058745756745338440e-01,2.343895584344863892e-01,6.757958978414535522e-02,9.697909951210021973e-01,0.000000000000000000e+00
-1.108348295092582703e-01,1.880799829959869385e-01,1.211308538913726807e-01,3.381826281547546387e-01,5.457432568073272705e-02,9.394967555999755859e-01,0.000000000000000000e+00
3.398853540420532227e-01,-1.441753208637237549e-01,-4.510871693491935730e-02,9.743846058845520020e-01,-1.971185952425003052e-01,-1.082540974020957947e-01,0.000000000000000000e+00
1.489240676164627075e-01,-9.860609471797943115e-02,3.953288123011589050e-02,3.211688995361328125e-01,-3.863979503512382507e-02,9.462333321571350098e-01,0.000000000000000000e+00
-5.869759619235992432e-02,-8.136287331581115723e-02,1.131238192319869995e-01,3.186538815498352051e-01,-4.367298912256956100e-03,9.478610754013061523e-01,0.000000000000000000e+00
-1.394303701817989349e-02,-1.175158396363258362e-01,9.563374519348144531e-02,3.407507538795471191e-01,-6.007958948612213135e-02,9.382320642471313477e-01,0.000000000000000000e+00
-1.388193517923355103e-01,-1.561280786991119385e-01,1.046754121780395508e-01,-1.515859216451644897e-01,-9.845818877220153809e-01,8.729371428489685059e-02,0.000000000000000000e+00
-2.195995748043060303e-01,-1.412874460220336914e-01,1.471767723560333252e-01,-1.246249973773956299e-01,-9.913015961647033691e-01,4.230524599552154541e-02,0.000000000000000000e+00
1.205525100231170654e-01,-1.542821973562240601e-01,4.500602185726165771e-02,3.251121938228607178e-01,-9.503404796123504639e-02,9.408881664276123047e-01,0.000000000000000000e+00
-6.013479456305503845e-02,3.119810298085212708e-02,-7.560912519693374634e-02,-3.841659128665924072e-01,-3.527865977957844734e-03,-9.232573509216308594e-01,0.000000000000000000e+00
-1.159774512052536011e-01,-1.588327288627624512e-01,1.172713115811347961e-01,-1.755274832248687744e-01,-9.801235198974609375e-01,9.245517104864120483e-02,0.000000000000000000e+00
2.997909113764762878e-02,-1.249145641922950745e-01,-1.039985269308090210e-01,-3.821396827697753906e-01,-1.106370314955711365e-01,-9.174577593803405762e-01,0.000000000000000000e+00
-2.793494760990142822e-01,2.469463348388671875e-01,1.709310412406921387e-01,-1.365407705307006836e-01,9.886841773986816406e-01,-6.213026493787765503e-02,0.000000000000000000e+00
-3.267534077167510986e-02,1.920257508754730225e-01,-4.473062232136726379e-02,1.392192095518112183e-01,9.840384125709533691e-01,-1.108439564704895020e-01,0.000000000000000000e+00
2.219868898391723633e-01,-2.315631061792373657e-01,-7.896044105291366577e-02,-1.945659965276718140e-01,-9.738413095474243164e-01,1.173759773373603821e-01,0.000000000000000000e+00
1.796751022338867188e-01,8.892786502838134766e-02,2.089999243617057800e-02,3.788500726222991943e-01,1.200272515416145325e-01,9.176415801048278809e-01,0.000000000000000000e+00
1.964231282472610474e-01,-2.190829217433929443e-01,-2.270969748497009277e-02,-1.642543375492095947e-01,-9.782962799072265625e-01,1.263208538293838501e-01,0.000000000000000000e+00
-1.216823756694793701e-01,-3.933555260300636292e-02,1.338567137718200684e-01,2.922835946083068848e-01,2.822512760758399963e-02,9.559150934219360352e-01,0.000000000000000000e+00
-3.602220118045806885e-01,-3.160005807876586914e-02,1.106949076056480408e-01,-9.051353931427001953e-01,1.556185483932495117e-01,3.956169486045837402e-01,0.000000000000000000e+00
2.378527671098709106e-01,1.481047719717025757e-01,-8.773728460073471069e-02,1.607991605997085571e-01,9.841983318328857422e-01,-7.414338737726211548e-02,0.000000000000000000e+00
-3.570638597011566162e-01,-1.126204505562782288e-01,1.514894813299179077e-01,-9.286808967590332031e-01,1.506817340850830078e-01,3.388905525207519531e-01,0.000000000000000000e+00
-2.903537452220916748e-01,1.154182255268096924e-01,1.934026479721069336e-01,1.792236268520355225e-01,1.066269055008888245e-01,9.780130982398986816e-01,0.000000000000000000e+00
-1.857151091098785400e-01,1.352922022342681885e-01,-2.149017527699470520e-02,-4.020530581474304199e-01,4.954434558749198914e-02,-9.142749309539794922e-01,0.000000000000000000e+00
-2.969591617584228516e-01,2.064480483531951904e-01,1.514170020818710327e-01,-9.380995631217956543e-01,2.025458216667175293e-01,2.809704840183258057e-01,0.000000000000000000e+00
2.582461833953857422e-01,1.393437832593917847e-01,-1.383349746465682983e-01,1.581547707319259644e-01,9.786036610603332520e-01,-1.316129863262176514e-01,0.000000000000000000e+00
-3.387812152504920959e-02,1.956722140312194824e-01,-1.130825653672218323e-02,1.527632772922515869e-01,9.854942560195922852e-01,-7.392201572656631470e-02,0.000000000000000000e+00
-1.687026023864746094e-01,2.138345837593078613e-01,-1.888236403465270996e-02,7.492142915725708008e-02,9.620085358619689941e-01,-2.625383436679840088e-01,0.000000000000000000e+00
5.269942060112953186e-02,-6.355833262205123901e-02,7.447618991136550903e-02,3.286813795566558838e-01,-1.075411401689052582e-02,9.443796277046203613e-01,0.000000000000000000e+00
-2.089275568723678589e-01,6.282015889883041382e-02,1.597068309783935547e-01,3.098802566528320312e-01,-3.467567637562751770e-02,9.501430392265319824e-01,0.000000000000000000e+00
-8.540764451026916504e-02,-1.744467467069625854e-01,-2.178181335330009460e-02,-1.697569936513900757e-01,-9.824280142784118652e-01,7.757456600666046143e-02,0.000000000000000000e+00
-3.171682953834533691e-01,2.090870887041091919e-01,9.304106235504150391e-02,-8.833617568016052246e-01,2.474535554647445679e-01,3.980436027050018311e-01,0.000000000000000000e+00
5.590093508362770081e-02,-2.910694666206836700e-02,7.346010953187942505e-02,3.297891020774841309e-01,5.801686551421880722e-03,9.440367817878723145e-01,0.000000000000000000e+00
2.985765635967254639e-01,-1.987278461456298828e-01,-1.421308815479278564e-01,9.218049049377441406e-01,-2.190783470869064331e-01,-3.198130130767822266e-01,0.000000000000000000e+00
3.129973113536834717e-01,1.363319158554077148e-01,-6.366058439016342163e-02,1.701332628726959229e-01,9.852037429809570312e-01,-2.069341391324996948e-02,0.000000000000000000e+00
-2.442806065082550049e-01,3.504809364676475525e-02,6.200391333550214767e-03,-3.528058826923370361e-01,3.771278262138366699e-02,-9.349362254142761230e-01,0.000000000000000000e+00
2.857405245304107666e-01,3.135303407907485962e-02,-1.439530961215496063e-02,3.726373016834259033e-01,8.247228711843490601e-02,9.243050217628479004e-01,0.000000000000000000e+00
1.102603971958160400e-01,-1.087436601519584656e-01,5.258039385080337524e-02,3.330843746662139893e-01,-5.449527129530906677e-02,9.413208961486816406e-01,0.000000000000000000e+00
-1.288365274667739868e-01,1.977485269308090210e-01,1.271293014287948608e-01,3.471417725086212158e-01,3.899537771940231323e-02,9.370015859603881836e-01,0.000000000000000000e+00
8.617926388978958130e-02,1.273575425148010254e-01,5.267900601029396057e-02,3.678411543369293213e-01,1.272892504930496216e-01,9.211353659629821777e-01,0.000000000000000000e+00
-4.351760074496269226e-02,-1.312715858221054077e-01,-7.216670364141464233e-02,-3.820918798446655273e-01,-1.239572241902351379e-01,-9.157730937004089355e-01,0.000000000000000000e+00
1.596476510167121887e-02,4.135721176862716675e-02,8.538627624511718750e-02,3.211202323436737061e-01,4.629114270210266113e-02,9.459064006805419922e-01,0.000000000000000000e+00
1.082277968525886536e-01,8.548126369714736938e-02,4.918872565031051636e-02,3.526531755924224854e-01,9.398478269577026367e-02,9.310223460197448730e-01,0.000000000000000000e+00
1.023330762982368469e-01,-2.105439305305480957e-01,-1.154399290680885315e-01,-2.168347388505935669e-01,-9.760434627532958984e-01,-1.794148050248622894e-02,0.000000000000000000e+00
3.444640934467315674e-01,4.599493369460105896e-02,-4.002290591597557068e-02,4.486137330532073975e-01,6.118601188063621521e-02,8.916288614273071289e-01,0.000000000000000000e+00
1.708396226167678833e-01,-2.234790474176406860e-01,-1.137045174837112427e-01,-2.080668061971664429e-01,-9.768514633178710938e-01,4.969327151775360107e-02,0.000000000000000000e+00
3.564314842224121094e-01,1.276462376117706299e-01,-8.629265427589416504e-02,1.373450607061386108e-01,9.901705384254455566e-01,-2.643135935068130493e-02,0.000000000000000000e+00
1.306367814540863037e-01,1.682874113321304321e-01,-4.158680513501167297e-02,1.494472026824951172e-01,9.867743253707885742e-01,-6.278547644615173340e-02,0.000000000000000000e+00
3.336194455623626709e-01,-7.455775886774063110e-02,-3.143983334302902222e-02,4.000205695629119873e-01,3.846878930926322937e-02,9.156984686851501465e-01,0.000000000000000000e+00
-3.271783590316772461e-01,-1.253303289413452148e-01,1.419461518526077271e-01,-1.529732644557952881e-01,-9.858155846595764160e-01,6.904212385416030884e-02,0.000000000000000000e+00
4.011757671833038330e-02,-1.786078959703445435e-01,7.055874168872833252e-02,3.199214637279510498e-01,-3.118344247341156006e-01,8.946561217308044434e-01,0.000000000000000000e+00
1.547325104475021362e-01,1.622640043497085571e-01,-7.532402873039245605e-02,1.439027488231658936e-01,9.842106699943542480e-01,-1.030601486563682556e-01,0.000000000000000000e+00
1.515571624040603638e-01,3.357804566621780396e-02,-1.579255163669586182e-01,-3.004041016101837158e-01,3.626177832484245300e-02,-9.531224966049194336e-01,0.000000000000000000e+00
2.429333627223968506e-01,-2.542194165289402008e-02,-1.890961527824401855e-01,-2.777094542980194092e-01,-1.943971030414104462e-02,-9.604684114456176758e-01,0.000000000000000000e+00
-1.910449191927909851e-02,1.907818019390106201e-01,-3.878039866685867310e-02,1.364203542470932007e-01,9.844338893890380859e-01,-1.108124181628227234e-01,0.000000000000000000e+00
-2.180139720439910889e-01,2.378251850605010986e-01,1.297672241926193237e-01,1.367822140455245972e-01,9.881317615509033203e-01,-6.990136206150054932e-02,0.000000000000000000e+00
-1.556477993726730347e-01,2.206372618675231934e-01,5.728310346603393555e-02,1.885405778884887695e-01,9.801472425460815430e-01,-6.134968996047973633e-02,0.000000000000000000e+00
1.339516490697860718e-01,1.289870440959930420e-01,3.341842815279960632e-02,3.734645545482635498e-01,1.387751251459121704e-01,9.172053933143615723e-01,0.000000000000000000e+00
-1.293698102235794067e-01,-1.319922953844070435e-01,-3.617456927895545959e-02,-3.810965120792388916e-01,-9.690084308385848999e-02,-9.194431304931640625e-01,0.000000000000000000e+00
1.662078052759170532e-01,1.302362233400344849e-01,-1.541005373001098633e-01,-3.283703625202178955e-01,1.431664824485778809e-01,-9.336360692977905273e-01,0.000000000000000000e+00
-3.665345534682273865e-02,-1.577789634466171265e-01,-7.129773497581481934e-02,-3.777563571929931641e-01,-1.330890506505966187e-01,-9.162900447845458984e-01,0.000000000000000000e+00
3.416598141193389893e-01,7.346171140670776367e-02,-1.719438880681991577e-01,9.190559983253479004e-01,-1.400597691535949707e-01,-3.684010207653045654e-01,0.000000000000000000e+00
3.419663012027740479e-01,-7.388845831155776978e-02,-9.382113814353942871e-02,9.310716390609741211e-01,-2.006230801343917847e-01,-3.047227859497070312e-01,0.000000000000000000e+00
2.309865057468414307e-01,-5.878153815865516663e-02,1.112660951912403107e-02,3.466172218322753906e-01,-1.431805780157446861e-03,9.380055665969848633e-01,0.000000000000000000e+00
1.570162773132324219e-01,-2.098755389451980591e-01,-1.438490897417068481e-01,-3.679503798484802246e-01,-1.751579046249389648e-01,-9.131988883018493652e-01,0.000000000000000000e+00
3.549268841743469238e-01,-5.175507441163063049e-02,-6.702186912298202515e-02,9.649886488914489746e-01,-1.939917653799057007e-01,-1.765334755182266235e-01,0.000000000000000000e+00
6.120257079601287842e-02,-6.592173874378204346e-02,7.148350030183792114e-02,3.336483240127563477e-01,-1.264366973191499710e-02,9.426128268241882324e-01,0.000000000000000000e+00
-9.235918521881103516e-02,4.579260572791099548e-02,-6.214740127325057983e-02,-4.026455581188201904e-01,7.351090200245380402e-03,-9.153264760971069336e-01,0.000000000000000000e+00
-1.687308549880981445e-01,1.232575327157974243e-01,1.440344899892807007e-01,3.292864263057708740e-01,2.198431268334388733e-02,9.439741373062133789e-01,0.000000000000000000e+00
3.419791460037231445e-01,-1.285591423511505127e-01,-3.847357630729675293e-02,8.476302027702331543e-01,-6.709727644920349121e-02,5.263278484344482422e-01,0.000000000000000000e+00
1.595846028067171574e-03,1.874744594097137451e-01,7.840651273727416992e-02,3.681419491767883301e-01,1.031156852841377258e-01,9.240339398384094238e-01,0.000000000000000000e+00
-3.225637078285217285e-01,2.870454825460910797e-02,3.820125013589859009e-02,-2.967293262481689453e-01,-5.409758910536766052e-02,-9.534280896186828613e-01,0.000000000000000000e+00
1.339562144130468369e-02,-1.901632547378540039e-01,-1.143979141488671303e-03,-1.097692549228668213e-01,-9.904572367668151855e-01,8.333798497915267944e-02,0.000000000000000000e+00
-2.171896696090698242e-01,-1.434054821729660034e-01,1.157181859016418457e-01,-1.494447588920593262e-01,-9.872422218322753906e-01,5.494604259729385376e-02,0.000000000000000000e+00
2.502381205558776855e-01,9.736426919698715210e-02,-1.880816221237182617e-01,-3.368702828884124756e-01,1.106304898858070374e-01,-9.350290298461914062e-01,0.000000000000000000e+00
-7.167577743530273438e-02,-3.047784604132175446e-02,-6.879207491874694824e-02,-3.940023481845855713e-01,-4.686551168560981750e-02,-9.179137945175170898e-01,0.000000000000000000e+00
-3.172140419483184814e-01,2.318044602870941162e-01,7.953698933124542236e-02,-9.026850461959838867e-01,1.984343379735946655e-01,3.818160593509674072e-01,0.000000000000000000e+00
3.095258176326751709e-01,1.330265998840332031e-01,-1.287310123443603516e-01,1.503979116678237915e-01,9.846528172492980957e-01,-8.853972703218460083e-02,0.000000000000000000e+00
-1.943843066692352295e-01,2.286520451307296753e-01,7.455020397901535034e-02,1.615841239690780640e-01,9.778311848640441895e-01,-1.331795006990432739e-01,0.000000000000000000e+00
1.742762923240661621e-01,-2.130086570978164673e-01,-3.040545620024204254e-03,-1.757290512323379517e-01,-9.783855080604553223e-01,1.090003252029418945e-01,0.000000000000000000e+00
2.666769623756408691e-01,4.168414976447820663e-03,-1.963152438402175903e-01,-2.205494493246078491e-01,-3.663222491741180420e-02,-9.746876358985900879e-01,0.000000000000000000e+00
-8.154655247926712036e-02,1.955496668815612793e-01,1.097904965281486511e-01,3.565571606159210205e-01,6.066599860787391663e-02,9.323017597198486328e-01,0.000000000000000000e+00
3.491150438785552979e-01,4.106554388999938965e-02,-4.173180088400840759e-02,3.681397736072540283e-01,6.719044595956802368e-02,9.273394942283630371e-01,0.000000000000000000e+00
2.893732786178588867e-01,1.244649961590766907e-01,-1.963413357734680176e-01,-1.678350865840911865e-01,7.144008278846740723e-01,-6.793105602264404297e-01,0.000000000000000000e+00
-2.747679650783538818e-01,-2.539464645087718964e-02,1.889887601137161255e-01,3.757836222648620605e-01,-4.778949916362762451e-02,9.254744052886962891e-01,0.000000000000000000e+00
2.924228012561798096e-01,-1.395080983638763428e-01,-1.354665029793977737e-02,3.217540979385375977e-01,-5.665689334273338318e-02,9.451265931129455566e-01,0.000000000000000000e+00
3.328482508659362793e-01,-1.376204192638397217e-01,-7.860536128282546997e-02,9.311594367027282715e-01,-2.066514790058135986e-01,-3.003952503204345703e-01,0.000000000000000000e+00
-2.911191284656524658e-01,1.072399020195007324e-01,1.943530589342117310e-01,2.306346893310546875e-01,1.142968162894248962e-01,9.663042426109313965e-01,0.000000000000000000e+00
8.423638343811035156e-02,-6.969513744115829468e-02,-1.310610473155975342e-01,-3.702611625194549561e-01,-5.748807638883590698e-02,-9.271471500396728516e-01,0.000000000000000000e+00
1.149222850799560547e-01,9.138298779726028442e-02,4.605721682310104370e-02,3.526531755924224854e-01,9.398478269577026367e-02,9.310223460197448730e-01,0.000000000000000000e+00
2.297076433897018433e-01,4.959492757916450500e-02,5.770304240286350250e-03,3.721689283847808838e-01,9.741603583097457886e-02,9.230386614799499512e-01,0.000000000000000000e+00
-6.202792376279830933e-02,1.981036365032196045e-01,-2.444550953805446625e-02,1.267178058624267578e-01,9.866291880607604980e-01,-1.024960055947303772e-01,0.000000000000000000e+00
-2.127173840999603271e-01,2.032005935907363892e-01,1.593366414308547974e-01,3.913563787937164307e-01,2.273763343691825867e-02,9.199582338333129883e-01,0.000000000000000000e+00
1.998183131217956543e-02,1.484334021806716919e-01,-9.929172694683074951e-02,-3.311445415019989014e-01,1.397808790206909180e-01,-9.331691265106201172e-01,0.000000000000000000e+00
2.433738112449645996e-01,-1.918561011552810669e-01,-1.818104237318038940e-01,-3.577637672424316406e-01,-1.050892695784568787e-01,-9.278800487518310547e-01,0.000000000000000000e+00
-3.482707589864730835e-02,-1.264735907316207886e-01,-7.644214481115341187e-02,-3.835082054138183594e-01,-1.235770955681800842e-01,-9.152323007583618164e-01,0.000000000000000000e+00
-9.240361303091049194e-02,-1.689971238374710083e-01,4.286809265613555908e-02,-1.450349837541580200e-01,-9.858249425888061523e-01,8.434506505727767944e-02,0.000000000000000000e+00
-2.439670115709304810e-01,2.187542170286178589e-01,1.715456843376159668e-01,3.777915537357330322e-01,4.351730644702911377e-02,9.248674511909484863e-01,0.000000000000000000e+00
2.752323150634765625e-01,1.440434306859970093e-01,-3.791210800409317017e-02,1.683596521615982056e-01,9.823629260063171387e-01,-8.135177195072174072e-02,0.000000000000000000e+00
3.775934875011444092e-01,6.990686058998107910e-02,-6.498646736145019531e-02,9.523764252662658691e-01,-1.819946020841598511e-01,-2.446570843458175659e-01,0.000000000000000000e+00
-9.277771227061748505e-03,-6.514526158571243286e-02,-9.343634545803070068e-02,-3.779715001583099365e-01,-7.840085029602050781e-02,-9.224916696548461914e-01,0.000000000000000000e+00
5.059017986059188843e-02,-5.775994807481765747e-02,7.525932788848876953e-02,3.276794552803039551e-01,-8.327849209308624268e-03,9.447522759437561035e-01,0.000000000000000000e+00
-1.823624968528747559e-02,2.229094132781028748e-02,-9.299648553133010864e-02,-3.800868988037109375e-01,-2.739589894190430641e-03,-9.249467253684997559e-01,0.000000000000000000e+00
-2.381037175655364990e-01,-4.357076808810234070e-02,1.718519032001495361e-01,4.141793549060821533e-01,-3.270443761721253395e-03,9.101893901824951172e-01,0.000000000000000000e+00
-2.029564678668975830e-01,2.352383732795715332e-01,1.439318805932998657e-01,1.958147287368774414e-01,9.798285961151123047e-01,3.990689292550086975e-02,0.000000000000000000e+00
8.719004690647125244e-03,-1.812357455492019653e-02,-1.032279729843139648e-01,-3.379546105861663818e-01,-4.294166713953018188e-02,-9.401822686195373535e-01,0.000000000000000000e+00
-2.207110822200775146e-01,-5.706428363919258118e-02,1.654452234506607056e-01,3.303632140159606934e-01,2.420404180884361267e-02,9.435434937477111816e-01,0.000000000000000000e+00
3.052313625812530518e-01,1.309559345245361328e-01,-1.542255133390426636e-01,1.548130512237548828e-01,9.815471172332763672e-01,-1.122417151927947998e-01,0.000000000000000000e+00
2.657586038112640381e-01,-6.725414842367172241e-02,-1.932585537433624268e-01,-2.077724039554595947e-01,-3.595452010631561279e-02,-9.775161743164062500e-01,0.000000000000000000e+00
-3.399401307106018066e-01,-3.894373774528503418e-02,4.786709323525428772e-02,-2.975488007068634033e-01,-7.539662718772888184e-02,-9.517247676849365234e-01,0.000000000000000000e+00
2.145874649286270142e-01,1.018501818180084229e-01,-1.750216335058212280e-01,-3.381912410259246826e-01,1.205301657319068909e-01,-9.333269596099853516e-01,0.000000000000000000e+00
-1.258776932954788208e-01,-1.662130504846572876e-01,2.512978389859199524e-04,-1.722418367862701416e-01,-9.824088215827941895e-01,7.215051352977752686e-02,0.000000000000000000e+00
1.753025949001312256e-01,-4.044361412525177002e-02,3.127979114651679993e-02,3.394928276538848877e-01,1.262016966938972473e-02,9.405239820480346680e-01,0.000000000000000000e+00
-3.055030703544616699e-01,-5.898821353912353516e-02,3.573893383145332336e-02,-4.353269636631011963e-01,3.752480074763298035e-02,-8.994899988174438477e-01,0.000000000000000000e+00
-1.378615945577621460e-01,1.479852497577667236e-01,-4.090906679630279541e-02,-3.818228542804718018e-01,6.483322381973266602e-02,-9.219587445259094238e-01,0.000000000000000000e+00
1.133176684379577637e-01,-8.408843725919723511e-02,5.266696587204933167e-02,3.319556713104248047e-01,-3.117197938263416290e-02,9.427797794342041016e-01,0.000000000000000000e+00
3.579732477664947510e-01,-2.026434801518917084e-02,-7.845084369182586670e-02,9.340478777885437012e-01,-1.944326609373092651e-01,-2.995838224887847900e-01,0.000000000000000000e+00
-3.298644423484802246e-01,1.699981838464736938e-01,8.628318458795547485e-02,-9.137118458747863770e-01,2.051388025283813477e-01,3.507829904556274414e-01,0.000000000000000000e+00
9.896840155124664307e-02,-3.889027237892150879e-02,5.835134536027908325e-02,3.294964432716369629e-01,2.886121219489723444e-04,9.441567659378051758e-01,0.000000000000000000e+00
2.022146731615066528e-01,-2.297397851943969727e-01,-1.046135798096656799e-01,-2.172765582799911499e-01,-9.739199876785278320e-01,6.535103917121887207e-02,0.000000000000000000e+00
5.111956596374511719e-02,-1.559450030326843262e-01,6.952930986881256104e-02,3.208794891834259033e-01,-1.612165421247482300e-01,9.332982301712036133e-01,0.000000000000000000e+00
-3.100728094577789307e-01,-1.293680816888809204e-01,1.174600273370742798e-01,-1.085860580205917358e-01,-9.939019680023193359e-01,1.918060891330242157e-02,0.000000000000000000e+00
-2.816459536552429199e-01,2.385066896677017212e-01,1.749674230813980103e-01,-8.066789507865905762e-01,1.954147517681121826e-01,5.577474236488342285e-01,0.000000000000000000e+00
2.258332967758178711e-01,1.968578202649950981e-03,1.117302849888801575e-02,3.589735627174377441e-01,4.924316331744194031e-02,9.320477843284606934e-01,0.000000000000000000e+00
-2.812990546226501465e-01,-1.314519494771957397e-01,1.605060100555419922e-01,-2.066282182931900024e-01,-9.748551845550537109e-01,8.343943953514099121e-02,0.000000000000000000e+00
2.473999559879302979e-02,-1.896279603242874146e-01,2.190392836928367615e-02,-1.275093108415603638e-01,-9.851523637771606445e-01,1.149616315960884094e-01,0.000000000000000000e+00
-2.214357554912567139e-01,1.096808910369873047e-02,-3.424271242693066597e-03,-4.264791011810302734e-01,-3.673355653882026672e-02,-9.037511944770812988e-01,0.000000000000000000e+00
-5.564862862229347229e-02,-1.396906226873397827e-01,1.093313619494438171e-01,3.402400612831115723e-01,-1.985443569719791412e-02,9.401289820671081543e-01,0.000000000000000000e+00
3.197532594203948975e-01,1.324378103017807007e-01,-1.163571104407310486e-01,1.577777415513992310e-01,9.841770529747009277e-01,-8.063313364982604980e-02,0.000000000000000000e+00
-1.272718608379364014e-01,4.579138755798339844e-02,-4.736550524830818176e-02,-4.044629335403442383e-01,1.203423738479614258e-02,-9.144752025604248047e-01,0.000000000000000000e+00
-2.592833936214447021e-01,1.057262793183326721e-01,1.809641122817993164e-01,2.891342341899871826e-01,8.798735588788986206e-02,9.532364010810852051e-01,0.000000000000000000e+00
1.685984879732131958e-01,-1.787337958812713623e-01,-1.536018401384353638e-01,-3.759461045265197754e-01,-1.373934000730514526e-01,-9.163992404937744141e-01,0.000000000000000000e+00
1.664722561836242676e-01,-2.149693518877029419e-01,-3.342273458838462830e-02,-1.987880617380142212e-01,-9.748705625534057617e-01,1.005520224571228027e-01,0.000000000000000000e+00
4.316334053874015808e-02,-1.130322366952896118e-01,7.614690810441970825e-02,3.317097127437591553e-01,-6.971026957035064697e-02,9.408023953437805176e-01,0.000000000000000000e+00
2.895213067531585693e-01,1.531232427805662155e-02,-2.018740773200988770e-01,-1.982036381959915161e-01,-6.922796368598937988e-02,-9.777130484580993652e-01,0.000000000000000000e+00
1.404101252555847168e-01,-2.137998193502426147e-01,-7.600057870149612427e-02,-2.153583914041519165e-01,-9.718263149261474609e-01,9.578274935483932495e-02,0.000000000000000000e+00
-2.763742804527282715e-01,6.722585856914520264e-02,1.857603527605533600e-02,-3.804223239421844482e-01,-4.975658655166625977e-02,-9.234734177589416504e-01,0.000000000000000000e+00
7.616700138896703720e-03,1.334849298000335693e-01,-9.690276533365249634e-02,-3.279226422309875488e-01,1.176790297031402588e-01,-9.373464584350585938e-01,0.000000000000000000e+00
-2.492956221103668213e-01,1.291057467460632324e-01,5.078880582004785538e-03,-3.763487637042999268e-01,-1.709888316690921783e-02,-9.263202548027038574e-01,0.000000000000000000e+00
-3.389534726738929749e-02,-5.751204863190650940e-02,1.044998541474342346e-01,3.110015392303466797e-01,8.293442078866064548e-04,9.504090547561645508e-01,0.000000000000000000e+00
3.449832201004028320e-01,1.300770789384841919e-01,-7.953618466854095459e-02,1.911170780658721924e-01,9.809098839759826660e-01,-3.591681271791458130e-02,0.000000000000000000e+00
-3.100111484527587891e-01,1.406409293413162231e-01,1.562707871198654175e-01,-9.174280166625976562e-01,1.887965947389602661e-01,3.502594828605651855e-01,0.000000000000000000e+00
-1.975013613700866699e-01,-7.923832535743713379e-02,-1.136222481727600098e-02,-4.623901844024658203e-01,-2.667162194848060608e-02,-8.862752914428710938e-01,0.000000000000000000e+00
-1.838103383779525757e-01,1.939643025398254395e-01,1.473238021135330200e-01,3.630201518535614014e-01,2.964162081480026245e-02,9.313097000122070312e-01,0.000000000000000000e+00
-1.755105555057525635e-01,-1.070498749613761902e-01,1.525192707777023315e-01,3.049145042896270752e-01,2.749213017523288727e-02,9.519828557968139648e-01,0.000000000000000000e+00
-2.866983711719512939e-01,6.407262384891510010e-02,1.934211999177932739e-01,3.772307336330413818e-01,1.249641273170709610e-02,9.260349869728088379e-01,0.000000000000000000e+00
3.749566376209259033e-01,9.042284637689590454e-02,-5.697643384337425232e-02,3.919022381305694580e-01,7.557964324951171875e-02,9.168971180915832520e-01,0.000000000000000000e+00
-3.620488941669464111e-01,-8.892527222633361816e-02,5.867476761341094971e-02,-2.510322928428649902e-01,-8.318705111742019653e-02,-9.643976092338562012e-01,0.000000000000000000e+00
3.148621022701263428e-01,-2.410487681627273560e-01,-4.702389985322952271e-02,9.248490333557128906e-01,-3.051463067531585693e-01,-2.270242422819137573e-01,0.000000000000000000e+00
-1.379915475845336914e-01,-1.135989353060722351e-01,1.399686485528945923e-01,3.288506567478179932e-01,-9.477140381932258606e-03,9.443343877792358398e-01,0.000000000000000000e+00
3.064317107200622559e-01,-1.760967522859573364e-01,-1.346924453973770142e-01,9.284600019454956055e-01,-2.138889580965042114e-01,-3.036668896675109863e-01,0.000000000000000000e+00
-3.895534947514533997e-02,-8.424009382724761963e-02,-7.930369675159454346e-02,-3.901694118976593018e-01,-7.472576946020126343e-02,-9.177057743072509766e-01,0.000000000000000000e+00
-2.195827960968017578e-01,-1.790065318346023560e-02,-3.707156982272863388e-03,-4.206592738628387451e-01,-1.203601364977657795e-03,-9.072179198265075684e-01,0.000000000000000000e+00
2.234833687543869019e-01,-2.352889478206634521e-01,-1.518687754869461060e-01,-1.940194070339202881e-01,-9.809228777885437012e-01,-1.211449690163135529e-02,0.000000000000000000e+00
-2.753213942050933838e-01,-7.962126284837722778e-02,1.891745924949645996e-01,4.196150600910186768e-01,2.254829742014408112e-03,9.076993465423583984e-01,0.000000000000000000e+00
-3.197297155857086182e-01,1.654720753431320190e-01,1.137204170227050781e-01,-9.080730676651000977e-01,2.230115383863449097e-01,3.544984161853790283e-01,0.000000000000000000e+00
4.686362296342849731e-02,1.832410395145416260e-01,-1.523634511977434158e-02,1.538223475217819214e-01,9.853352308273315430e-01,-7.384540885686874390e-02,0.000000000000000000e+00
3.117069005966186523e-01,-1.834091544151306152e-01,-2.424067817628383636e-02,3.105802834033966064e-01,-1.361297816038131714e-01,9.407489299774169922e-01,0.000000000000000000e+00
-2.829034030437469482e-01,-1.301145702600479126e-01,1.698173880577087402e-01,-1.903277188539505005e-01,-9.710077643394470215e-01,1.446349024772644043e-01,0.000000000000000000e+00
-1.023682877421379089e-01,-1.642158478498458862e-01,8.157871663570404053e-02,-1.178073957562446594e-01,-9.893720746040344238e-01,8.523109555244445801e-02,0.000000000000000000e+00
-2.842897474765777588e-01,2.394207566976547241e-01,1.688215732574462891e-01,-9.241297841072082520e-01,1.918974369764328003e-01,3.303929865360260010e-01,0.000000000000000000e+00
2.373297140002250671e-02,-1.836638748645782471e-01,-9.242991358041763306e-02,-3.876080513000488281e-01,-1.468254476785659790e-01,-9.100561738014221191e-01,0.000000000000000000e+00
-3.020347468554973602e-02,1.086041033267974854e-01,-8.540203422307968140e-02,-3.629710972309112549e-01,6.736195087432861328e-02,-9.293623566627502441e-01,0.000000000000000000e+00
1.347169876098632812e-01,-6.252980232238769531e-02,4.560297727584838867e-02,3.094630837440490723e-01,1.124971080571413040e-02,9.508448839187622070e-01,0.000000000000000000e+00
-7.014689501374959946e-03,1.945346742868423462e-01,2.812875621020793915e-02,1.486885249614715576e-01,9.866886138916015625e-01,-6.585810333490371704e-02,0.000000000000000000e+00
2.972323298454284668e-01,-1.916245520114898682e-01,-2.139032632112503052e-02,2.964233160018920898e-01,-1.757434308528900146e-01,9.387478232383728027e-01,0.000000000000000000e+00
1.652803458273410797e-02,8.416606485843658447e-02,8.277370035648345947e-02,3.482793271541595459e-01,6.474787741899490356e-02,9.351519942283630371e-01,0.000000000000000000e+00
-3.391227126121520996e-01,-2.896757796406745911e-02,4.684736579656600952e-02,-2.843528091907501221e-01,-6.801625341176986694e-02,-9.563039541244506836e-01,0.000000000000000000e+00
-7.132612168788909912e-02,4.844737052917480469e-02,1.142007261514663696e-01,3.840203583240509033e-01,9.415022097527980804e-03,9.232766032218933105e-01,0.000000000000000000e+00
2.049264460802078247e-01,1.307014375925064087e-01,-1.676016747951507568e-01,-3.223346769809722900e-01,1.546347886323928833e-01,-9.339103102684020996e-01,0.000000000000000000e+00
-1.977698653936386108e-01,3.111367113888263702e-02,-1.515407860279083252e-02,-4.215248227119445801e-01,-2.369903028011322021e-02,-9.065071344375610352e-01,0.000000000000000000e+00
-1.735495924949645996e-01,2.294118851423263550e-01,1.156054884195327759e-01,1.967617422342300415e-01,9.752684831619262695e-01,-1.006788313388824463e-01,0.000000000000000000e+00
-2.727921605110168457e-01,2.044918388128280640e-01,1.844556629657745361e-01,3.710401952266693115e-01,-2.958996035158634186e-02,9.281452298164367676e-01,0.000000000000000000e+00
-3.066150546073913574e-01,2.453571408987045288e-01,5.383459106087684631e-02,2.689877748489379883e-01,9.552997350692749023e-01,-1.226702705025672913e-01,0.000000000000000000e+00
9.301378391683101654e-03,-5.545332282781600952e-02,8.961343020200729370e-02,3.243460655212402344e-01,-6.542608607560396194e-03,9.459158778190612793e-01,0.000000000000000000e+00
-5.793220177292823792e-02,1.112258583307266235e-01,-7.449253648519515991e-02,-3.635976016521453857e-01,5.299379304051399231e-02,-9.300475716590881348e-01,0.000000000000000000e+00
-2.863169908523559570e-01,2.382294088602066040e-01,3.282864019274711609e-02,1.370499134063720703e-01,9.773836135864257812e-01,-1.610546261072158813e-01,0.000000000000000000e+00
-4.169392585754394531e-02,-1.428823769092559814e-01,1.039090529084205627e-01,3.445498347282409668e-01,-4.191631823778152466e-02,9.378317594528198242e-01,0.000000000000000000e+00
-3.358517214655876160e-02,1.347681730985641479e-01,-8.187682181596755981e-02,-3.385469913482666016e-01,9.612035751342773438e-02,-9.360271692276000977e-01,0.000000000000000000e+00
-1.734818071126937866e-01,1.088098362088203430e-01,-2.727748453617095947e-02,-4.004567861557006836e-01,-3.884974634274840355e-03,-9.163073897361755371e-01,0.000000000000000000e+00
-2.505038306117057800e-02,-1.210961863398551941e-01,-8.128769695758819580e-02,-3.869743645191192627e-01,-1.184285059571266174e-01,-9.144536852836608887e-01,0.000000000000000000e+00
-7.803532481193542480e-02,-1.768671423196792603e-01,-3.844366967678070068e-02,-1.478279083967208862e-01,-9.826446771621704102e-01,1.120550706982612610e-01,0.000000000000000000e+00
-4.391869902610778809e-02,-1.820642650127410889e-01,-2.519403025507926941e-02,-1.977850496768951416e-01,-9.779187440872192383e-01,6.749843806028366089e-02,0.000000000000000000e+00
2.231188714504241943e-01,-2.138131707906723022e-01,-1.704026013612747192e-01,-3.846800923347473145e-01,-1.574675738811492920e-01,-9.095191955566406250e-01,0.000000000000000000e+00
-3.567768335342407227e-01,-8.894263207912445068e-02,1.416062414646148682e-01,-9.299803376197814941e-01,1.520781069993972778e-01,3.346772193908691406e-01,0.000000000000000000e+00
-2.487279027700424194e-01,-8.989523351192474365e-02,1.768369823694229126e-01,4.267060458660125732e-01,2.887066453695297241e-03,9.043857455253601074e-01,0.000000000000000000e+00
1.525654047727584839e-01,-1.020981669425964355e-01,3.815434500575065613e-02,3.211688995361328125e-01,-3.863979503512382507e-02,9.462333321571350098e-01,0.000000000000000000e+00
-1.989245265722274780e-01,3.706405311822891235e-02,1.567600071430206299e-01,3.945033252239227295e-01,2.872074581682682037e-02,9.184455871582031250e-01,0.000000000000000000e+00
1.910848766565322876e-01,-1.436718851327896118e-01,2.131711691617965698e-02,3.338707387447357178e-01,-9.793969243764877319e-02,9.375169873237609863e-01,0.000000000000000000e+00
-6.235748901963233948e-02,-2.224910072982311249e-02,-7.321196049451828003e-02,-3.940023481845855713e-01,-4.686551168560981750e-02,-9.179137945175170898e-01,0.000000000000000000e+00
-1.626200824975967407e-01,2.135574668645858765e-01,-1.734584011137485504e-02,1.267655640840530396e-01,9.765499234199523926e-01,-1.740135550498962402e-01,0.000000000000000000e+00
3.353272974491119385e-01,-1.314024031162261963e-01,-7.537889480590820312e-02,9.234259724617004395e-01,-2.044036835432052612e-01,-3.248131275177001953e-01,0.000000000000000000e+00
-2.245209217071533203e-01,2.316268980503082275e-01,5.587820336222648621e-02,1.549164205789566040e-01,9.822179079055786133e-01,-1.060609444975852966e-01,0.000000000000000000e+00
-1.735853999853134155e-01,2.289544641971588135e-01,1.088214516639709473e-01,1.441446393728256226e-01,9.820793867111206055e-01,-1.214182153344154358e-01,0.000000000000000000e+00
-2.343268245458602905e-01,-1.294585615396499634e-01,6.758158560842275620e-03,-3.502429127693176270e-01,-6.287158280611038208e-02,-9.345464706420898438e-01,0.000000000000000000e+00
-3.345456123352050781e-01,-1.208675280213356018e-01,1.756017357110977173e-01,-1.832202076911926270e-01,-9.755523800849914551e-01,1.213584616780281067e-01,0.000000000000000000e+00
-6.325735151767730713e-02,-3.187024220824241638e-02,-7.233447581529617310e-02,-3.940023481845855713e-01,-4.686551168560981750e-02,-9.179137945175170898e-01,0.000000000000000000e+00
-1.438890397548675537e-01,3.645008057355880737e-02,1.382313668727874756e-01,2.987456619739532471e-01,2.666757628321647644e-02,9.539601206779479980e-01,0.000000000000000000e+00
-1.705503761768341064e-01,1.454402059316635132e-01,-2.766419388353824615e-02,-3.675108551979064941e-01,6.429189350455999374e-03,-9.299970269203186035e-01,0.000000000000000000e+00
-9.326148033142089844e-02,2.014860063791275024e-01,-3.333320096135139465e-02,8.652536571025848389e-02,9.890749454498291016e-01,-1.193485334515571594e-01,0.000000000000000000e+00
3.207058608531951904e-01,-7.054158020764589310e-03,-1.905997991561889648e-01,8.571485877037048340e-01,-1.773732304573059082e-01,-4.835649728775024414e-01,0.000000000000000000e+00
-3.121112287044525146e-01,8.865118771791458130e-02,1.767762899398803711e-01,-9.011390805244445801e-01,1.835875213146209717e-01,3.927390575408935547e-01,0.000000000000000000e+00
3.035949468612670898e-01,7.402664422988891602e-02,-2.069750726222991943e-01,-2.434736341238021851e-01,6.310419645160436630e-03,-9.698869585990905762e-01,0.000000000000000000e+00
1.996150910854339600e-01,1.263393461704254150e-01,-1.664589941501617432e-01,-3.274438083171844482e-01,1.322092413902282715e-01,-9.355753660202026367e-01,0.000000000000000000e+00
9.898581355810165405e-02,2.699203416705131531e-02,5.694810301065444946e-02,3.372333645820617676e-01,4.755587503314018250e-02,9.402191638946533203e-01,0.000000000000000000e+00
1.964265257120132446e-01,-2.129929959774017334e-01,4.670676309615373611e-03,3.635349124670028687e-02,-8.582298755645751953e-01,5.119764804840087891e-01,0.000000000000000000e+00
-2.935549914836883545e-01,-1.243821159005165100e-01,3.071595169603824615e-02,-3.671249151229858398e-01,-4.064457956701517105e-03,-9.301627874374389648e-01,0.000000000000000000e+00
2.454349845647811890e-01,1.400567442178726196e-01,-1.469641625881195068e-01,1.421944499015808105e-01,9.795801639556884766e-01,-1.421386897563934326e-01,0.000000000000000000e+00
6.872027367353439331e-02,-1.166299954056739807e-01,6.682951003313064575e-02,3.366007804870605469e-01,-5.735582858324050903e-02,9.398990273475646973e-01,0.000000000000000000e+00
1.554035991430282593e-01,3.204109519720077515e-02,3.591521456837654114e-02,3.628339469432830811e-01,6.543039530515670776e-02,9.295538663864135742e-01,0.000000000000000000e+00
8.397466689348220825e-02,-2.061792165040969849e-01,-9.579591453075408936e-02,-7.710588723421096802e-02,-9.929130673408508301e-01,9.043382853269577026e-02,0.000000000000000000e+00
3.350240588188171387e-01,-1.228402107954025269e-01,-8.186903595924377441e-02,9.321444630622863770e-01,-1.985842585563659668e-01,-3.027721941471099854e-01,0.000000000000000000e+00
2.827740609645843506e-01,-2.404556721448898315e-01,-1.577850431203842163e-01,8.096870183944702148e-01,-4.989954233169555664e-01,-3.088858723640441895e-01,0.000000000000000000e+00
8.868405595421791077e-03,1.448126286268234253e-01,8.010636270046234131e-02,3.535452187061309814e-01,9.759213775396347046e-02,9.303126335144042969e-01,0.000000000000000000e+00
3.472630381584167480e-01,-1.591653190553188324e-02,-1.136124879121780396e-01,9.311370253562927246e-01,-1.900128871202468872e-01,-3.112538754940032959e-01,0.000000000000000000e+00
-8.005417883396148682e-02,3.572718240320682526e-03,-6.663181632757186890e-02,-3.956275284290313721e-01,-2.990965731441974640e-02,-9.179238677024841309e-01,0.000000000000000000e+00
1.400791853666305542e-01,1.089335605502128601e-01,3.381020575761795044e-02,3.604964017868041992e-01,1.247794181108474731e-01,9.243767857551574707e-01,0.000000000000000000e+00
-3.218125551939010620e-02,-7.861382514238357544e-02,1.038104891777038574e-01,3.080327212810516357e-01,-1.621763966977596283e-02,9.512374997138977051e-01,0.000000000000000000e+00
-1.546919643878936768e-01,-3.093685209751129150e-02,-3.300278261303901672e-02,-4.482064843177795410e-01,-2.800275385379791260e-02,-8.934913277626037598e-01,0.000000000000000000e+00
-1.958622932434082031e-01,-1.430142670869827271e-01,1.523510515689849854e-01,-2.076771488646045327e-05,-9.435544013977050781e-01,3.312175273895263672e-01,0.000000000000000000e+00
-2.518300712108612061e-01,2.412314862012863159e-01,1.721428334712982178e-01,3.777191638946533203e-01,7.097333669662475586e-01,5.946484804153442383e-01,0.000000000000000000e+00
5.086747184395790100e-02,-1.271598637104034424e-01,7.240111380815505981e-02,3.304049372673034668e-01,-6.845720112323760986e-02,9.413533806800842285e-01,0.000000000000000000e+00
2.307386398315429688e-01,1.464366912841796875e-01,-1.173045635223388672e-01,1.482291370630264282e-01,9.823429584503173828e-01,-1.141508817672729492e-01,0.000000000000000000e+00
2.998283505439758301e-01,1.375734955072402954e-01,-8.648945391178131104e-02,1.599133461713790894e-01,9.856769442558288574e-01,-5.356014519929885864e-02,0.000000000000000000e+00
-3.323591053485870361e-01,1.053604558110237122e-01,3.760721534490585327e-02,-3.298757672309875488e-01,-3.216220438480377197e-02,-9.434763193130493164e-01,0.000000000000000000e+00
-1.389230787754058838e-01,1.345418393611907959e-01,-4.142099618911743164e-02,-4.078101813793182373e-01,4.838675260543823242e-02,-9.117837548255920410e-01,0.000000000000000000e+00
-4.826598241925239563e-02,-7.812874019145965576e-02,-7.581750303506851196e-02,-3.932473659515380859e-01,-7.066114991903305054e-02,-9.167134165763854980e-01,0.000000000000000000e+00
3.682517409324645996e-01,9.914958477020263672e-02,-1.110038459300994873e-01,9.275721907615661621e-01,-1.461469680070877075e-01,-3.438762128353118896e-01,0.000000000000000000e+00
-8.869998902082443237e-02,5.176734924316406250e-02,1.206216737627983093e-01,2.989141941070556641e-01,3.479393571615219116e-02,9.536454677581787109e-01,0.000000000000000000e+00
-4.690920189023017883e-02,-1.794209480285644531e-01,3.400820307433605194e-03,-1.994741559028625488e-01,-9.759548306465148926e-01,8.787606656551361084e-02,0.000000000000000000e+00
3.295608162879943848e-01,-3.425117209553718567e-02,-1.549224704504013062e-01,9.342002868652343750e-01,-1.626190096139907837e-01,-3.175294101238250732e-01,0.000000000000000000e+00
-3.022739198058843613e-03,-1.882400065660476685e-01,-9.991661645472049713e-03,-1.732499152421951294e-01,-9.825279116630554199e-01,6.799517571926116943e-02,0.000000000000000000e+00
1.009135916829109192e-01,-1.106908097863197327e-01,5.575881898403167725e-02,3.281300961971282959e-01,-5.580462515354156494e-02,9.429827332496643066e-01,0.000000000000000000e+00
-3.863972797989845276e-02,-2.558547630906105042e-02,1.061545312404632568e-01,3.639904260635375977e-01,1.555774267762899399e-02,9.312727451324462891e-01,0.000000000000000000e+00
2.661200165748596191e-01,2.626088075339794159e-02,-6.253322120755910873e-03,3.727731108665466309e-01,7.263135164976119995e-02,9.250755906105041504e-01,0.000000000000000000e+00
-1.604379415512084961e-01,1.776905506849288940e-01,-3.008631058037281036e-02,-3.177726864814758301e-01,5.581703037023544312e-02,-9.465225934982299805e-01,0.000000000000000000e+00
-3.105933405458927155e-02,1.459971517324447632e-01,9.514462947845458984e-02,3.663130998611450195e-01,9.076908230781555176e-02,9.260538220405578613e-01,0.000000000000000000e+00
1.736695170402526855e-01,4.504701122641563416e-03,3.075197897851467133e-02,3.541458845138549805e-01,3.403292968869209290e-02,9.345707297325134277e-01,0.000000000000000000e+00
-2.077506482601165771e-01,1.873324513435363770e-01,1.576160490512847900e-01,3.912855386734008789e-01,2.304511889815330505e-02,9.199807047843933105e-01,0.000000000000000000e+00
-2.590411603450775146e-01,1.548249125480651855e-01,8.682257495820522308e-03,-3.852236866950988770e-01,-6.867754738777875900e-03,-9.227976799011230469e-01,0.000000000000000000e+00
-3.053418397903442383e-01,-4.258711636066436768e-02,2.028769254684448242e-01,4.317822158336639404e-01,-1.244737207889556885e-02,9.018920063972473145e-01,0.000000000000000000e+00
1.014252975583076477e-01,-9.275854378938674927e-02,-1.363320648670196533e-01,-3.725488483905792236e-01,-6.850345432758331299e-02,-9.254807829856872559e-01,0.000000000000000000e+00
2.112820297479629517e-01,1.514766663312911987e-01,-2.092409878969192505e-03,4.046413898468017578e-01,4.543217420578002930e-01,7.936353683471679688e-01,0.000000000000000000e+00
-1.706036273390054703e-03,3.381911665201187134e-03,-9.957751631736755371e-02,-3.931590616703033447e-01,-1.345097646117210388e-02,-9.193720817565917969e-01,0.000000000000000000e+00
1.561353057622909546e-01,-1.506211012601852417e-01,-1.523964554071426392e-01,-3.686468303203582764e-01,-1.164844706654548645e-01,-9.222422838211059570e-01,0.000000000000000000e+00
1.510744690895080566e-01,-2.127865552902221680e-01,-4.342027381062507629e-02,-2.090972512960433960e-01,-9.736397862434387207e-01,9.112552553415298462e-02,0.000000000000000000e+00
4.354635253548622131e-02,-1.145374625921249390e-01,7.590033859014511108e-02,3.317097127437591553e-01,-6.971026957035064697e-02,9.408023953437805176e-01,0.000000000000000000e+00
-3.204398751258850098e-01,1.035877689719200134e-01,1.486106812953948975e-01,-9.222748875617980957e-01,1.857657581567764282e-01,3.389692008495330811e-01,0.000000000000000000e+00
1.104022115468978882e-01,-2.085383236408233643e-01,-8.136211335659027100e-02,-1.618715524673461914e-01,-9.805426001548767090e-01,1.110577732324600220e-01,0.000000000000000000e+00
-3.666190430521965027e-02,1.403758972883224487e-01,9.794132411479949951e-02,5.111504793167114258e-01,3.850238770246505737e-02,8.586283922195434570e-01,0.000000000000000000e+00
1.669527888298034668e-01,-1.673038005828857422e-01,2.712555229663848877e-02,3.296540081501007080e-01,-1.122424975037574768e-01,9.374059438705444336e-01,0.000000000000000000e+00
-3.166182339191436768e-01,-8.926024287939071655e-02,2.079938501119613647e-01,4.914915561676025391e-01,1.901743747293949127e-02,8.706746697425842285e-01,0.000000000000000000e+00
1.097651422023773193e-01,-3.543818369507789612e-02,-1.427397429943084717e-01,-3.671353459358215332e-01,-2.309723198413848877e-02,-9.298807382583618164e-01,0.000000000000000000e+00
1.159856393933296204e-01,-2.032581120729446411e-01,-3.349598031491041183e-03,-1.312809884548187256e-01,-9.888824224472045898e-01,6.983420252799987793e-02,0.000000000000000000e+00
-3.902143612504005432e-02,-1.763973385095596313e-01,5.458119139075279236e-02,-1.450078189373016357e-01,-9.827908277511596680e-01,1.144331321120262146e-01,0.000000000000000000e+00
2.934819459915161133e-01,2.703806944191455841e-02,-2.031893581151962280e-01,-2.044871747493743896e-01,-5.142184346914291382e-02,-9.775176644325256348e-01,0.000000000000000000e+00
2.114206850528717041e-01,1.836603507399559021e-02,1.574757508933544159e-02,3.630987107753753662e-01,6.390987336635589600e-02,9.295562505722045898e-01,0.000000000000000000e+00
-1.733987033367156982e-01,-1.037046387791633606e-01,1.517462432384490967e-01,3.049145042896270752e-01,2.749213017523288727e-02,9.519828557968139648e-01,0.000000000000000000e+00
-3.126401603221893311e-01,-1.320788860321044922e-01,4.299776256084442139e-02,-1.783691942691802979e-01,-9.833815097808837891e-01,3.384111821651458740e-02,0.000000000000000000e+00
-1.331707388162612915e-01,3.445013985037803650e-02,1.349457800388336182e-01,2.802811264991760254e-01,3.063338808715343475e-02,9.594290256500244141e-01,0.000000000000000000e+00
-7.255446910858154297e-02,-4.830753058195114136e-02,1.184295713901519775e-01,1.866643279790878296e-01,3.729739785194396973e-02,9.817155003547668457e-01,0.000000000000000000e+00
2.622220516204833984e-01,-2.435618340969085693e-01,-1.198227927088737488e-01,-1.934297978878021240e-01,-9.808653593063354492e-01,2.209195308387279510e-02,0.000000000000000000e+00
3.457926213741302490e-01,6.551206577569246292e-03,-1.311471760272979736e-01,9.253177642822265625e-01,-1.799486428499221802e-01,-3.337745964527130127e-01,0.000000000000000000e+00
-3.054394423961639404e-01,2.252792716026306152e-01,2.774877659976482391e-02,-4.713918864727020264e-01,6.516417115926742554e-02,-8.795130848884582520e-01,0.000000000000000000e+00
2.894518971443176270e-01,-1.465823799371719360e-01,-1.299940794706344604e-02,3.300467729568481445e-01,-7.587914168834686279e-02,9.409099221229553223e-01,0.000000000000000000e+00
4.883326590061187744e-02,-4.528725985437631607e-03,7.560648024082183838e-02,3.265984058380126953e-01,2.120926789939403534e-02,9.449251890182495117e-01,0.000000000000000000e+00
2.569475769996643066e-01,1.258973628282546997e-01,-1.866799145936965942e-01,-3.304673731327056885e-01,1.378110498189926147e-01,-9.337019920349121094e-01,0.000000000000000000e+00
3.279426321387290955e-02,-5.526018887758255005e-02,8.153614401817321777e-02,3.068118691444396973e-01,-1.756520126946270466e-03,9.517685770988464355e-01,0.000000000000000000e+00
3.436925411224365234e-01,1.283674836158752441e-01,-1.126553565263748169e-01,1.295814812183380127e-01,9.905301928520202637e-01,-4.537196084856987000e-02,0.000000000000000000e+00
-1.548427343368530273e-01,-4.156209528446197510e-02,1.440821737051010132e-01,2.932901382446289062e-01,3.233350813388824463e-02,9.554765224456787109e-01,0.000000000000000000e+00
2.577743828296661377e-01,-2.404905557632446289e-01,-1.754992753267288208e-01,-2.414759993553161621e-01,-9.487460851669311523e-01,-2.038877308368682861e-01,0.000000000000000000e+00
-2.058299034833908081e-01,8.927083015441894531e-02,-1.285540778189897537e-02,-3.749993741512298584e-01,-5.415612831711769104e-02,-9.254418611526489258e-01,0.000000000000000000e+00
-1.889151781797409058e-01,2.191689163446426392e-01,-3.265407169237732887e-03,1.352262496948242188e-01,9.815822839736938477e-01,-1.349447071552276611e-01,0.000000000000000000e+00
3.462850153446197510e-01,-2.802580420393496752e-04,-1.258334070444107056e-01,9.307506680488586426e-01,-1.860446780920028687e-01,-3.147864937782287598e-01,0.000000000000000000e+00
-4.030092805624008179e-02,2.027254700660705566e-01,7.196123152971267700e-02,1.685399115085601807e-01,9.843938946723937988e-01,-5.062537267804145813e-02,0.000000000000000000e+00
-2.540516853332519531e-01,-7.721164822578430176e-02,1.381880231201648712e-02,-3.756868541240692139e-01,9.595067240297794342e-03,-9.266970157623291016e-01,0.000000000000000000e+00
-2.586424946784973145e-01,2.244240045547485352e-01,9.892133995890617371e-03,-3.277668654918670654e-01,8.167477697134017944e-02,-9.412215948104858398e-01,0.000000000000000000e+00
1.340257078409194946e-01,-8.849968761205673218e-02,-1.495329737663269043e-01,-3.574478030204772949e-01,-9.871841222047805786e-02,-9.287011027336120605e-01,0.000000000000000000e+00
-1.711038649082183838e-01,-1.499317288398742676e-01,1.207723915576934814e-01,-1.698197871446609497e-01,-9.816040992736816406e-01,8.726216107606887817e-02,0.000000000000000000e+00
-3.590241372585296631e-01,-4.456826299428939819e-02,1.185380741953849792e-01,-8.995125293731689453e-01,1.626366674900054932e-01,4.054954349994659424e-01,0.000000000000000000e+00
2.393591105937957764e-01,1.423334516584873199e-02,5.135052371770143509e-03,3.360248804092407227e-01,6.949062645435333252e-02,9.392860531806945801e-01,0.000000000000000000e+00
2.894687652587890625e-01,-1.909770220518112183e-01,-1.728789955377578735e-01,9.211443066596984863e-01,-2.065804898738861084e-01,-3.298752009868621826e-01,0.000000000000000000e+00
3.025318682193756104e-01,-1.752362996339797974e-01,-1.468130052089691162e-01,9.226378798484802246e-01,-2.102494090795516968e-01,-3.233180344104766846e-01,0.000000000000000000e+00
3.123153150081634521e-01,-2.297952175140380859e-01,-7.462126761674880981e-02,9.407685399055480957e-01,-1.973043978214263916e-01,-2.757273316383361816e-01,0.000000000000000000e+00
-2.369305342435836792e-01,1.345290392637252808e-01,-1.213961586472578347e-04,-3.943623900413513184e-01,-3.423224762082099915e-02,-9.183171987533569336e-01,0.000000000000000000e+00
2.112436443567276001e-01,-2.222584635019302368e-01,-2.826669067144393921e-02,-1.545526385307312012e-01,-9.765443801879882812e-01,1.499153226613998413e-01,0.000000000000000000e+00
1.206823810935020447e-01,1.179828587919473648e-02,4.976937547326087952e-02,3.401466012001037598e-01,3.715509921312332153e-02,9.396381378173828125e-01,0.000000000000000000e+00
-2.487275898456573486e-01,1.997429132461547852e-01,5.374077241867780685e-03,-3.558114469051361084e-01,4.170350730419158936e-02,-9.336268305778503418e-01,0.000000000000000000e+00
-8.218508213758468628e-02,-1.746189147233963013e-01,-1.656939089298248291e-02,-1.781541854143142700e-01,-9.818310737609863281e-01,6.533595174551010132e-02,0.000000000000000000e+00
3.073293268680572510e-01,1.078419163823127747e-01,-2.066304236650466919e-01,-2.991696894168853760e-01,9.874139726161956787e-02,-9.490772485733032227e-01,0.000000000000000000e+00
-3.007573187351226807e-01,3.236972540616989136e-02,3.030892089009284973e-02,-3.684659302234649658e-01,-2.843960747122764587e-02,-9.292061328887939453e-01,0.000000000000000000e+00
-2.521353363990783691e-01,6.919808685779571533e-02,1.785496920347213745e-01,4.148339033126831055e-01,-2.511235140264034271e-02,9.095505475997924805e-01,0.000000000000000000e+00
1.973293572664260864e-01,1.912257075309753418e-02,-1.746129989624023438e-01,-3.334715068340301514e-01,2.414205856621265411e-02,-9.424510002136230469e-01,0.000000000000000000e+00
-3.634197115898132324e-01,2.792966365814208984e-02,5.791344493627548218e-02,-9.680191874504089355e-01,1.005399897694587708e-01,2.298490703105926514e-01,0.000000000000000000e+00
-3.322554528713226318e-01,6.432034820318222046e-02,3.928405418992042542e-02,-3.052549660205841064e-01,-5.289201438426971436e-02,-9.508006572723388672e-01,0.000000000000000000e+00
3.369409143924713135e-01,-4.472246393561363220e-02,-3.382899239659309387e-02,4.190279245376586914e-01,1.519111916422843933e-02,9.078462719917297363e-01,0.000000000000000000e+00
-3.060030639171600342e-01,-2.439502067863941193e-02,3.540903329849243164e-02,-3.773588538169860840e-01,-4.725541546940803528e-02,-9.248606562614440918e-01,0.000000000000000000e+00
2.575491368770599365e-01,1.236650496721267700e-01,-1.872223168611526489e-01,-3.304673731327056885e-01,1.378110498189926147e-01,-9.337019920349121094e-01,0.000000000000000000e+00
-3.746851384639739990e-01,-1.205070838332176208e-01,8.693613111972808838e-02,-7.349700927734375000e-01,-6.158664226531982422e-01,2.837737798690795898e-01,0.000000000000000000e+00
-2.665354907512664795e-01,-1.008172258734703064e-01,1.851873844861984253e-01,4.240835309028625488e-01,-4.097388955415226519e-05,9.056230783462524414e-01,0.000000000000000000e+00
2.040314078330993652e-01,-8.023793250322341919e-02,2.073674276471138000e-02,3.384259045124053955e-01,-3.153166174888610840e-02,9.404646158218383789e-01,0.000000000000000000e+00
-3.456315696239471436e-01,-6.549067795276641846e-02,5.172574520111083984e-02,-3.064579367637634277e-01,-6.545802205801010132e-02,-9.496308565139770508e-01,0.000000000000000000e+00
2.381781041622161865e-01,1.442196816205978394e-01,-1.254598945379257202e-01,1.469067633152008057e-01,9.792535901069641113e-01,-1.395737230777740479e-01,0.000000000000000000e+00
-3.273330032825469971e-01,7.559396326541900635e-02,3.720267862081527710e-02,-3.191747665405273438e-01,-5.633626133203506470e-02,-9.460199475288391113e-01,0.000000000000000000e+00
-9.282466769218444824e-02,1.018480509519577026e-01,-6.123327463865280151e-02,-3.432350456714630127e-01,7.225107401609420776e-03,-9.392217397689819336e-01,0.000000000000000000e+00
1.193679049611091614e-01,-2.882064878940582275e-02,-1.465437263250350952e-01,-3.339547216892242432e-01,-2.259675040841102600e-02,-9.423182010650634766e-01,0.000000000000000000e+00
3.633204102516174316e-01,6.303148716688156128e-02,-4.966250807046890259e-02,4.387649595737457275e-01,7.436858117580413818e-02,8.955191969871520996e-01,0.000000000000000000e+00
-1.641145795583724976e-01,-2.856866270303726196e-02,1.464760303497314453e-01,2.891183197498321533e-01,3.019800968468189240e-02,9.568169713020324707e-01,0.000000000000000000e+00
2.441362664103507996e-02,1.871887296438217163e-01,-7.783994078636169434e-03,1.528299301862716675e-01,9.854614734649658203e-01,-7.422058284282684326e-02,0.000000000000000000e+00
3.573747873306274414e-01,1.280274838209152222e-01,-6.306637823581695557e-02,2.417277395725250244e-01,9.652452468872070312e-01,9.934438765048980713e-02,0.000000000000000000e+00
2.719554603099822998e-01,-2.862278185784816742e-02,-5.251946393400430679e-03,3.688043653964996338e-01,3.147082030773162842e-02,9.289741516113281250e-01,0.000000000000000000e+00
-3.244228959083557129e-01,-1.286038607358932495e-01,8.554243296384811401e-02,-1.011799722909927368e-01,-9.944613575935363770e-01,2.844607457518577576e-02,0.000000000000000000e+00
8.168344944715499878e-02,1.701798290014266968e-01,4.850049316883087158e-02,3.687320351600646973e-01,1.297441571950912476e-01,9.204363822937011719e-01,0.000000000000000000e+00
-1.144808307290077209e-01,8.779759518802165985e-03,1.301144808530807495e-01,3.070455491542816162e-01,3.023855760693550110e-02,9.512143135070800781e-01,0.000000000000000000e+00
1.967585831880569458e-01,-2.269148230552673340e-01,-8.481711894273757935e-02,-2.129994481801986694e-01,-9.720310568809509277e-01,9.892827272415161133e-02,0.000000000000000000e+00
1.062209606170654297e-01,1.376025974750518799e-01,-1.318625062704086304e-01,-3.249068558216094971e-01,1.469292789697647095e-01,-9.342629909515380859e-01,0.000000000000000000e+00
3.786059319972991943e-01,9.294042736291885376e-02,-8.175880461931228638e-02,9.368900060653686523e-01,-1.741150021553039551e-01,-3.031848669052124023e-01,0.000000000000000000e+00
9.106302633881568909e-03,2.980192191898822784e-02,-1.039500609040260315e-01,-3.582143187522888184e-01,-2.214791020378470421e-04,-9.336393475532531738e-01,0.000000000000000000e+00
3.618272393941879272e-02,1.876506060361862183e-01,3.283116593956947327e-02,1.555189788341522217e-01,9.863032102584838867e-01,-5.495278537273406982e-02,0.000000000000000000e+00
-6.398496031761169434e-02,1.482377499341964722e-01,-6.927844136953353882e-02,-3.426879346370697021e-01,8.595149964094161987e-02,-9.355091452598571777e-01,0.000000000000000000e+00
-1.493572443723678589e-01,1.266857534646987915e-01,-3.730778768658638000e-02,-3.900947272777557373e-01,2.880021743476390839e-02,-9.203242063522338867e-01,0.000000000000000000e+00
-2.133863419294357300e-01,-7.760322839021682739e-02,-4.909381736069917679e-03,-3.746180832386016846e-01,-5.633787438273429871e-02,-9.254660010337829590e-01,0.000000000000000000e+00
3.549163341522216797e-01,2.358833141624927521e-02,-1.138078048825263977e-01,9.297452569007873535e-01,-1.758028268814086914e-01,-3.235230445861816406e-01,0.000000000000000000e+00
2.208187058568000793e-02,-2.717438526451587677e-02,-1.083789840340614319e-01,-3.875297605991363525e-01,-4.832204431295394897e-03,-9.218445420265197754e-01,0.000000000000000000e+00
-1.852779388427734375e-01,1.357664763927459717e-01,1.496580541133880615e-01,3.498316407203674316e-01,1.488193776458501816e-02,9.366943836212158203e-01,0.000000000000000000e+00
7.202135771512985229e-02,-1.497446596622467041e-01,-1.177413314580917358e-01,-3.753482103347778320e-01,-1.332781761884689331e-01,-9.172517061233520508e-01,0.000000000000000000e+00
1.793571561574935913e-01,6.467350572347640991e-02,2.387524209916591644e-02,3.578206896781921387e-01,9.144796431064605713e-02,9.293016791343688965e-01,0.000000000000000000e+00
-1.215175092220306396e-01,2.135495841503143311e-01,4.128903150558471680e-02,1.522835493087768555e-01,9.845691323280334473e-01,-8.621683716773986816e-02,0.000000000000000000e+00
-3.212868273258209229e-01,-8.953037858009338379e-02,4.261076450347900391e-02,-3.956910371780395508e-01,9.179008193314075470e-03,-9.183378219604492188e-01,0.000000000000000000e+00
-1.627754718065261841e-01,-1.523681432008743286e-01,-2.025415375828742981e-02,-4.020082354545593262e-01,-1.205106005072593689e-01,-9.076709747314453125e-01,0.000000000000000000e+00
1.350806951522827148e-01,-1.542219519615173340e-01,3.989601507782936096e-02,3.278053700923919678e-01,-9.807117283344268799e-02,9.396412372589111328e-01,0.000000000000000000e+00
-3.340527415275573730e-01,-3.191435709595680237e-02,1.777347922325134277e-01,-9.242320060729980469e-01,1.560137271881103516e-01,3.485038578510284424e-01,0.000000000000000000e+00
-2.264847755432128906e-01,-1.409027129411697388e-01,1.373624503612518311e-01,-1.356427222490310669e-01,-9.895060062408447266e-01,4.978816956281661987e-02,0.000000000000000000e+00
1.087312176823616028e-01,1.735973209142684937e-01,-9.763702750205993652e-03,1.759956628084182739e-01,9.831383824348449707e-01,-4.964276403188705444e-02,0.000000000000000000e+00
8.997055143117904663e-02,1.719007641077041626e-01,-6.894212216138839722e-02,1.500909328460693359e-01,9.830176234245300293e-01,-1.055891439318656921e-01,0.000000000000000000e+00
-9.117390215396881104e-02,8.040408045053482056e-02,1.201843544840812683e-01,3.021018505096435547e-01,4.353665187954902649e-02,9.522809386253356934e-01,0.000000000000000000e+00
2.239093631505966187e-01,1.150181964039802551e-01,-7.741118897683918476e-04,3.632625043392181396e-01,1.524379849433898926e-01,9.191316366195678711e-01,0.000000000000000000e+00
-2.261611819267272949e-01,2.379008531570434570e-01,1.146330237388610840e-01,1.510094106197357178e-01,9.850478768348693848e-01,-8.292682468891143799e-02,0.000000000000000000e+00
-3.324857056140899658e-01,-6.382133811712265015e-02,1.965722590684890747e-01,-8.728486895561218262e-01,1.700474321842193604e-01,4.574046730995178223e-01,0.000000000000000000e+00
2.735383808612823486e-01,1.274629235267639160e-01,-1.904746443033218384e-01,-1.421328932046890259e-01,7.388456463813781738e-01,-6.587148904800415039e-01,0.000000000000000000e+00
3.748579919338226318e-01,7.219549268484115601e-02,-5.604351684451103210e-02,6.368547677993774414e-01,-2.348022349178791046e-02,7.706261277198791504e-01,0.000000000000000000e+00
-2.194121330976486206e-01,-1.452914327383041382e-01,8.035173267126083374e-02,-1.660172194242477417e-01,-9.840457439422607422e-01,6.397064775228500366e-02,0.000000000000000000e+00
-6.758236791938543320e-03,-1.452576518058776855e-01,-8.573861420154571533e-02,-3.874091506004333496e-01,-1.286571770906448364e-01,-9.128863215446472168e-01,0.000000000000000000e+00
-1.609079390764236450e-01,-1.084196045994758606e-01,1.477965414524078369e-01,3.156683444976806641e-01,1.085077319294214249e-02,9.488075375556945801e-01,0.000000000000000000e+00
2.843472361564636230e-02,2.365089952945709229e-02,-1.117893010377883911e-01,-3.653660118579864502e-01,9.976029396057128906e-04,-9.308633804321289062e-01,0.000000000000000000e+00
3.049301803112030029e-01,5.848842859268188477e-02,-2.070430517196655273e-01,-2.198387235403060913e-01,-2.847269549965858459e-02,-9.751206040382385254e-01,0.000000000000000000e+00
-3.380151689052581787e-01,7.106880098581314087e-02,4.084589704871177673e-02,-2.958008050918579102e-01,-3.611001372337341309e-02,-9.545668959617614746e-01,0.000000000000000000e+00
4.495109617710113525e-02,-8.965001441538333893e-03,-1.181142702698707581e-01,-3.677784204483032227e-01,-1.493181474506855011e-02,-9.297935962677001953e-01,0.000000000000000000e+00
-2.050283253192901611e-01,1.125892475247383118e-01,-1.346991024911403656e-02,-4.145618975162506104e-01,-3.264563856646418571e-03,-9.100152850151062012e-01,0.000000000000000000e+00
-2.471759468317031860e-01,1.232725381851196289e-01,4.303647670894861221e-03,-4.004195332527160645e-01,7.456274237483739853e-03,-9.163016080856323242e-01,0.000000000000000000e+00
2.439108910039067268e-03,2.086180634796619415e-02,-1.014739796519279480e-01,-3.862459659576416016e-01,4.036188125610351562e-03,-9.223870038986206055e-01,0.000000000000000000e+00
1.915737986564636230e-01,-2.219260782003402710e-01,-5.150125175714492798e-02,-1.972923278808593750e-01,-9.719879627227783203e-01,1.277305781841278076e-01,0.000000000000000000e+00
1.642470993101596832e-02,-6.918114423751831055e-02,8.703310787677764893e-02,3.414423167705535889e-01,-1.716916821897029877e-02,9.397459030151367188e-01,0.000000000000000000e+00
1.632678806781768799e-01,-2.117615342140197754e-01,-9.845788590610027313e-03,-1.816352456808090210e-01,-9.774577617645263672e-01,1.076335608959197998e-01,0.000000000000000000e+00
-2.565662376582622528e-03,1.918409019708633423e-01,-1.166240195743739605e-03,1.515531539916992188e-01,9.855455756187438965e-01,-7.570722699165344238e-02,0.000000000000000000e+00
2.625064551830291748e-01,-1.259584575891494751e-01,-1.909954100847244263e-01,-2.185491174459457397e-01,-1.987972209462895989e-04,-9.758259057998657227e-01,0.000000000000000000e+00
2.006148695945739746e-01,1.503501385450363159e-01,-1.201864928007125854e-01,1.380451470613479614e-01,9.821577072143554688e-01,-1.277098655700683594e-01,0.000000000000000000e+00
3.107694685459136963e-01,1.281728893518447876e-01,-1.691571474075317383e-01,1.464495360851287842e-01,9.787332415580749512e-01,-1.436446458101272583e-01,0.000000000000000000e+00
3.380736410617828369e-01,-8.734025806188583374e-02,-3.401142731308937073e-02,5.496114492416381836e-01,1.828651130199432373e-02,8.352202773094177246e-01,0.000000000000000000e+00
1.744545400142669678e-01,-6.578759849071502686e-02,-1.657310575246810913e-01,-3.425868451595306396e-01,-2.944708243012428284e-02,-9.390245676040649414e-01,0.000000000000000000e+00
3.112249542027711868e-04,1.916692405939102173e-01,2.358237281441688538e-03,1.515531539916992188e-01,9.855455756187438965e-01,-7.570722699165344238e-02,0.000000000000000000e+00
-3.904964774847030640e-02,1.076652631163597107e-01,1.009831950068473816e-01,3.370198011398315430e-01,6.406369060277938843e-02,9.393154382705688477e-01,0.000000000000000000e+00
-2.087566256523132324e-01,-1.160555556416511536e-01,1.634793877601623535e-01,3.064515888690948486e-01,4.665901884436607361e-02,9.507420063018798828e-01,0.000000000000000000e+00
3.059553205966949463e-01,-1.913685798645019531e-01,-1.251604259014129639e-01,9.311639666557312012e-01,-2.152736932039260864e-01,-2.942633330821990967e-01,0.000000000000000000e+00
1.300538182258605957e-01,-3.048579394817352295e-02,4.740622267127037048e-02,3.395569324493408203e-01,3.997522406280040741e-03,9.405770301818847656e-01,0.000000000000000000e+00
-3.203765749931335449e-01,1.684353351593017578e-01,3.182175755500793457e-02,-3.358735740184783936e-01,-4.274496342986822128e-03,-9.418973922729492188e-01,0.000000000000000000e+00
-1.806001216173171997e-01,1.944036930799484253e-01,1.460644900798797607e-01,3.576620221138000488e-01,3.941463679075241089e-02,9.330189228057861328e-01,0.000000000000000000e+00
-3.333125710487365723e-01,1.401649117469787598e-01,9.467313438653945923e-02,-9.189138412475585938e-01,1.988784521818161011e-01,3.406533896923065186e-01,0.000000000000000000e+00
6.683259457349777222e-02,-1.366285383701324463e-01,-1.174563542008399963e-01,-3.760528564453125000e-01,-1.228684782981872559e-01,-9.184157848358154297e-01,0.000000000000000000e+00
-3.367032408714294434e-01,-2.631328627467155457e-02,1.681579202413558960e-01,-9.231913089752197266e-01,1.495580226182937622e-01,3.540482521057128906e-01,0.000000000000000000e+00
7.900377362966537476e-02,8.453171700239181519e-02,6.018382310867309570e-02,3.459798991680145264e-01,8.817511051893234253e-02,9.340894222259521484e-01,0.000000000000000000e+00
-3.264298141002655029e-01,2.214903533458709717e-01,5.742301791906356812e-02,-9.472480416297912598e-01,2.969766259193420410e-01,1.205239593982696533e-01,0.000000000000000000e+00
3.818696737289428711e-01,9.433586895465850830e-02,-6.673339009284973145e-02,9.526953101158142090e-01,-1.784087717533111572e-01,-2.460528612136840820e-01,0.000000000000000000e+00
2.112486660480499268e-01,1.430680453777313232e-01,-1.579310297966003418e-01,9.975537657737731934e-02,9.703102111816406250e-01,-2.203338444232940674e-01,0.000000000000000000e+00
-8.727511763572692871e-02,-9.570146352052688599e-02,1.223422437906265259e-01,2.310363650321960449e-01,-1.178484596312046051e-02,9.728737473487854004e-01,0.000000000000000000e+00
4.656366631388664246e-02,-9.820716083049774170e-02,-1.137323305010795593e-01,-3.771908283233642578e-01,-8.969429880380630493e-02,-9.217819571495056152e-01,0.000000000000000000e+00
-5.060799792408943176e-02,1.728982627391815186e-01,-7.138552516698837280e-02,-3.342962265014648438e-01,1.190738454461097717e-01,-9.349157214164733887e-01,0.000000000000000000e+00
-2.891193628311157227e-01,2.407237589359283447e-01,4.598027467727661133e-02,1.573783457279205322e-01,9.765670299530029297e-01,-1.467953473329544067e-01,0.000000000000000000e+00
-3.489640653133392334e-01,-9.109333157539367676e-02,5.412017554044723511e-02,-4.520528018474578857e-01,4.519110172986984253e-02,-8.908456563949584961e-01,0.000000000000000000e+00
-3.169787824153900146e-01,3.421683982014656067e-02,1.898293197154998779e-01,-8.664768338203430176e-01,1.787599176168441772e-01,4.661145806312561035e-01,0.000000000000000000e+00
3.694168925285339355e-01,8.738851547241210938e-02,-1.027469858527183533e-01,9.285730719566345215e-01,-1.526905000209808350e-01,-3.382863700389862061e-01,0.000000000000000000e+00
-2.220007181167602539e-01,2.351724654436111450e-01,9.255348891019821167e-02,1.642945259809494019e-01,9.812116026878356934e-01,-1.011487767100334167e-01,0.000000000000000000e+00
-2.207332104444503784e-01,-8.002787828445434570e-02,-1.410292228683829308e-03,-4.477619528770446777e-01,-9.178741835057735443e-03,-8.941056728363037109e-01,0.000000000000000000e+00
1.973403990268707275e-01,-2.124630659818649292e-01,5.494124721735715866e-03,3.635349124670028687e-02,-8.582298755645751953e-01,5.119764804840087891e-01,0.000000000000000000e+00
-1.894830018281936646e-01,-1.078949868679046631e-01,-1.326249260455369949e-02,-3.896669149398803711e-01,-6.563010811805725098e-02,-9.186143875122070312e-01,0.000000000000000000e+00
-7.912491261959075928e-02,1.023606359958648682e-01,-6.665825098752975464e-02,-3.472402691841125488e-01,2.515066042542457581e-02,-9.374388456344604492e-01,0.000000000000000000e+00
-2.576287686824798584e-01,8.393836766481399536e-02,9.842347353696823120e-03,-4.069007933139801025e-01,-2.266683988273143768e-02,-9.131910800933837891e-01,0.000000000000000000e+00
1.644313037395477295e-01,1.032728850841522217e-01,-1.572143137454986572e-01,-3.315054774284362793e-01,1.074472516775131226e-01,-9.373148679733276367e-01,0.000000000000000000e+00
-1.990677118301391602e-01,-1.135286912322044373e-01,-8.782681077718734741e-03,-3.841584026813507080e-01,-7.745713740587234497e-02,-9.200123548507690430e-01,0.000000000000000000e+00
-5.834198743104934692e-02,-7.884177565574645996e-02,1.130158901214599609e-01,3.186538815498352051e-01,-4.367298912256956100e-03,9.478610754013061523e-01,0.000000000000000000e+00
-3.434908688068389893e-01,5.326540395617485046e-02,4.318207874894142151e-02,-2.897714376449584961e-01,-3.837133944034576416e-02,-9.563263654708862305e-01,0.000000000000000000e+00
1.513557434082031250e-01,7.996699213981628418e-02,3.312356024980545044e-02,3.769822120666503906e-01,1.033455282449722290e-01,9.204369187355041504e-01,0.000000000000000000e+00
1.340303570032119751e-01,5.657517910003662109e-02,4.212088510394096375e-02,3.732481002807617188e-01,7.546912133693695068e-02,9.246568679809570312e-01,0.000000000000000000e+00
-2.851486206054687500e-01,-1.289040595293045044e-01,1.768196076154708862e-01,-2.067511677742004395e-01,-9.780058860778808594e-01,-2.753985114395618439e-02,0.000000000000000000e+00
-3.423133194446563721e-01,-5.466546490788459778e-02,1.660125702619552612e-01,-9.286044836044311523e-01,1.580474823713302612e-01,3.357301652431488037e-01,0.000000000000000000e+00
3.233886659145355225e-01,-1.965679079294204712e-01,-6.541034579277038574e-02,9.133853316307067871e-01,-2.316047698259353638e-01,-3.347932398319244385e-01,0.000000000000000000e+00
1.039977520704269409e-01,1.726522296667098999e-01,-3.773010522127151489e-02,1.664627194404602051e-01,9.825537800788879395e-01,-8.293545991182327271e-02,0.000000000000000000e+00
3.690774738788604736e-01,2.567273937165737152e-02,-7.081732898950576782e-02,9.737223386764526367e-01,-1.760378628969192505e-01,-1.444836407899856567e-01,0.000000000000000000e+00
-8.435968309640884399e-02,6.231639906764030457e-02,-6.551929563283920288e-02,-3.960464596748352051e-01,7.086793892085552216e-03,-9.182031154632568359e-01,0.000000000000000000e+00
2.658983469009399414e-01,3.987821191549301147e-02,-7.430481724441051483e-03,3.808183968067169189e-01,8.668460696935653687e-02,9.205775856971740723e-01,0.000000000000000000e+00
2.060408592224121094e-01,-2.022372633218765259e-01,8.168564178049564362e-03,3.356964290142059326e-01,-1.535724103450775146e-01,9.293671846389770508e-01,0.000000000000000000e+00
1.011893600225448608e-01,-1.992999762296676636e-01,2.519978955388069153e-02,-1.227971240878105164e-01,-9.893930554389953613e-01,7.760297507047653198e-02,0.000000000000000000e+00
9.611877799034118652e-02,-2.059110552072525024e-01,-7.543834298849105835e-02,-1.128920689225196838e-01,-9.899212718009948730e-01,8.550611138343811035e-02,0.000000000000000000e+00
5.354342237114906311e-02,-1.164159085601568222e-02,7.410251349210739136e-02,3.276121914386749268e-01,1.347240526229143143e-02,9.447162151336669922e-01,0.000000000000000000e+00
-3.046893179416656494e-01,-6.971930712461471558e-02,2.024953514337539673e-01,4.049297571182250977e-01,-6.358331535011529922e-03,9.143257141113281250e-01,0.000000000000000000e+00
-3.183271735906600952e-03,-4.910562932491302490e-02,-9.688830375671386719e-02,-3.821088671684265137e-01,-6.674684584140777588e-02,-9.217036962509155273e-01,0.000000000000000000e+00
-4.692312702536582947e-02,-1.001683920621871948e-01,1.081290841102600098e-01,3.845966458320617676e-01,-5.354099348187446594e-02,9.215306639671325684e-01,0.000000000000000000e+00
-1.574151962995529175e-01,3.568953648209571838e-02,-3.330999985337257385e-02,-4.903715252876281738e-01,-5.277829244732856750e-03,-8.714975118637084961e-01,0.000000000000000000e+00
3.020392954349517822e-01,1.285625249147415161e-01,-1.751496493816375732e-01,1.342685818672180176e-01,9.819222688674926758e-01,-1.334189027547836304e-01,0.000000000000000000e+00
-3.447761833667755127e-01,-1.041280478239059448e-01,1.834028661251068115e-01,-9.329102635383605957e-01,1.723539382219314575e-01,3.161843419075012207e-01,0.000000000000000000e+00
-1.606609672307968140e-01,1.564654409885406494e-01,-3.117506019771099091e-02,-3.761065900325775146e-01,4.629096388816833496e-02,-9.254193305969238281e-01,0.000000000000000000e+00
2.198032736778259277e-01,1.479561477899551392e-01,-1.178381890058517456e-01,1.384088844060897827e-01,9.821634888648986816e-01,-1.272709965705871582e-01,0.000000000000000000e+00
2.583385631442070007e-02,1.860483735799789429e-01,-2.061868272721767426e-02,1.472514867782592773e-01,9.867495298385620117e-01,-6.813501566648483276e-02,0.000000000000000000e+00
2.253056317567825317e-02,-1.860148459672927856e-01,5.097704008221626282e-02,-1.139348968863487244e-01,-9.831000566482543945e-01,1.432936489582061768e-01,0.000000000000000000e+00
1.299410611391067505e-01,-2.041602581739425659e-01,1.143873389810323715e-02,-1.434258520603179932e-01,-9.868681430816650391e-01,7.429852336645126343e-02,0.000000000000000000e+00
-4.840078577399253845e-02,6.675070524215698242e-02,-8.030369132757186890e-02,-3.774904310703277588e-01,1.713906787335872650e-02,-9.258548617362976074e-01,0.000000000000000000e+00
3.231318593025207520e-01,-1.032833978533744812e-01,-2.558677829802036285e-02,5.031988024711608887e-01,2.359494101256132126e-03,8.641674518585205078e-01,0.000000000000000000e+00
2.339258342981338501e-01,-8.925332874059677124e-02,-1.847198456525802612e-01,-2.882293760776519775e-01,-2.215619757771492004e-02,-9.573050141334533691e-01,0.000000000000000000e+00
3.128379583358764648e-01,-2.188960313796997070e-01,-8.079709857702255249e-02,9.305022954940795898e-01,-2.385117262601852417e-01,-2.779884934425354004e-01,0.000000000000000000e+00
1.342883557081222534e-01,7.754486799240112305e-02,4.002160206437110901e-02,3.581732213497161865e-01,1.034075394272804260e-01,9.279109835624694824e-01,0.000000000000000000e+00
7.481552660465240479e-02,4.978590458631515503e-02,-1.291513741016387939e-01,-3.502157926559448242e-01,3.825689107179641724e-02,-9.358874559402465820e-01,0.000000000000000000e+00
-1.010581925511360168e-01,-5.857691913843154907e-02,-5.462512746453285217e-02,-3.876680433750152588e-01,-6.290237605571746826e-02,-9.196503758430480957e-01,0.000000000000000000e+00
-3.033376634120941162e-01,1.264263093471527100e-01,2.636983618140220642e-02,-3.360613584518432617e-01,-3.956923633813858032e-02,-9.410085082054138184e-01,0.000000000000000000e+00
2.488379031419754028e-01,-2.407521903514862061e-01,-1.394587308168411255e-01,-2.253236174583435059e-01,-9.742071032524108887e-01,-1.223854441195726395e-02,0.000000000000000000e+00
-3.365375697612762451e-01,1.919205337762832642e-01,3.930914774537086487e-02,-9.147527813911437988e-01,2.819277942180633545e-01,-2.893857359886169434e-01,0.000000000000000000e+00
-1.339244842529296875e-01,2.097662389278411865e-01,-1.566381193697452545e-02,1.413902938365936279e-01,9.840399622917175293e-01,-1.080468371510505676e-01,0.000000000000000000e+00
2.756242752075195312e-01,4.695850890129804611e-03,-1.982785761356353760e-01,-2.111743837594985962e-01,-2.375317737460136414e-02,-9.771597385406494141e-01,0.000000000000000000e+00
3.779236599802970886e-02,3.863172605633735657e-02,-1.152612119913101196e-01,-3.579618632793426514e-01,3.098605666309595108e-03,-9.337310791015625000e-01,0.000000000000000000e+00
-2.495046257972717285e-01,1.789377033710479736e-01,1.754617691040039062e-01,3.832938075065612793e-01,3.286538273096084595e-02,9.230415821075439453e-01,0.000000000000000000e+00
3.294115960597991943e-01,-1.875854730606079102e-01,-5.306938663125038147e-02,9.783638715744018555e-01,-2.064541578292846680e-01,-1.344682741910219193e-02,0.000000000000000000e+00
3.042490482330322266e-01,1.338998973369598389e-01,-1.279824823141098022e-01,1.503979116678237915e-01,9.846528172492980957e-01,-8.853972703218460083e-02,0.000000000000000000e+00
3.290191590785980225e-01,2.668480202555656433e-02,-3.146671131253242493e-02,3.942026793956756592e-01,4.505921155214309692e-02,9.179182648658752441e-01,0.000000000000000000e+00
2.138535529375076294e-01,-6.668853759765625000e-02,-1.791446208953857422e-01,-3.097526431083679199e-01,-3.032358922064304352e-02,-9.503335356712341309e-01,0.000000000000000000e+00
7.367810606956481934e-02,5.590181052684783936e-02,-1.284757405519485474e-01,-3.502157926559448242e-01,3.825689107179641724e-02,-9.358874559402465820e-01,0.000000000000000000e+00
7.479077577590942383e-02,-2.056586146354675293e-01,-1.049957945942878723e-01,-2.799197733402252197e-01,-9.364721775054931641e-01,-2.113404273986816406e-01,0.000000000000000000e+00
2.944228947162628174e-01,-2.669682353734970093e-02,-1.443362142890691757e-02,3.819677233695983887e-01,1.625577732920646667e-02,9.240326881408691406e-01,0.000000000000000000e+00
-9.343119710683822632e-02,1.064539775252342224e-01,1.196646615862846375e-01,3.377636373043060303e-01,4.490229114890098572e-02,9.401593208312988281e-01,0.000000000000000000e+00
2.518877983093261719e-01,-2.330705821514129639e-01,-5.327832326292991638e-02,-1.639366149902343750e-01,-9.703746438026428223e-01,1.774762272834777832e-01,0.000000000000000000e+00
-1.778366267681121826e-01,1.888080090284347534e-01,1.452415138483047485e-01,3.576620221138000488e-01,3.941463679075241089e-02,9.330189228057861328e-01,0.000000000000000000e+00
6.604844331741333008e-02,4.333492368459701538e-02,-1.260181814432144165e-01,-3.588752448558807373e-01,2.930290251970291138e-02,-9.329254627227783203e-01,0.000000000000000000e+00
1.440916806459426880e-01,-2.071168273687362671e-01,3.090252168476581573e-03,-1.701679229736328125e-01,-9.812424778938293457e-01,9.058738499879837036e-02,0.000000000000000000e+00
-2.251591831445693970e-01,1.456875205039978027e-01,-4.941071849316358566e-03,-3.843412697315216064e-01,-1.910366700030863285e-03,-9.231891036033630371e-01,0.000000000000000000e+00
7.897114008665084839e-02,1.525338273495435715e-02,-1.314375698566436768e-01,-3.547464013099670410e-01,-6.456386181525886059e-04,-9.349623322486877441e-01,0.000000000000000000e+00
-3.159899115562438965e-01,7.726200670003890991e-02,3.323842585086822510e-02,-3.419547080993652344e-01,-5.413557961583137512e-02,-9.381558299064636230e-01,0.000000000000000000e+00
-1.755402386188507080e-01,-1.517075896263122559e-01,9.275139868259429932e-02,-1.117650195956230164e-01,-9.925580024719238281e-01,4.834489896893501282e-02,0.000000000000000000e+00
2.867844700813293457e-01,-4.883572831749916077e-02,-1.981301903724670410e-01,-1.753373593091964722e-01,-4.779405519366264343e-02,-9.833475947380065918e-01,0.000000000000000000e+00
3.193901181221008301e-01,6.513689458370208740e-02,-2.097377777099609375e-01,4.507390037178993225e-02,-6.951073557138442993e-02,-9.965624213218688965e-01,0.000000000000000000e+00
2.056104540824890137e-01,7.090322673320770264e-02,1.287054456770420074e-02,3.669821918010711670e-01,1.125824600458145142e-01,9.233900904655456543e-01,0.000000000000000000e+00
-1.626642346382141113e-01,-2.538664080202579498e-02,1.459358632564544678e-01,2.928092479705810547e-01,3.066062927246093750e-02,9.556791782379150391e-01,0.000000000000000000e+00
1.290918439626693726e-01,-2.049428969621658325e-01,-6.009231437928974628e-04,-1.412592530250549316e-01,-9.879242777824401855e-01,6.365074962377548218e-02,0.000000000000000000e+00
2.180475741624832153e-01,-8.137994259595870972e-02,-1.800626069307327271e-01,-3.095740079879760742e-01,-2.555269561707973480e-02,-9.505319595336914062e-01,0.000000000000000000e+00
2.448515594005584717e-01,-2.057120436802506447e-03,-1.902214735746383667e-01,-2.756694853305816650e-01,-2.467950619757175446e-02,-9.609355926513671875e-01,0.000000000000000000e+00
-3.060445003211498260e-02,7.687397766858339310e-03,1.025696471333503723e-01,3.600943684577941895e-01,2.121738344430923462e-02,9.326745867729187012e-01,0.000000000000000000e+00
3.516045212745666504e-01,1.292088925838470459e-01,-6.913784146308898926e-02,2.001695185899734497e-01,9.763410091400146484e-01,-8.179521560668945312e-02,0.000000000000000000e+00
7.460256665945053101e-02,-6.579691171646118164e-02,6.674209982156753540e-02,3.336483240127563477e-01,-1.264366973191499710e-02,9.426128268241882324e-01,0.000000000000000000e+00
1.544997096061706543e-01,-4.460174217820167542e-02,3.878622129559516907e-02,3.284756243228912354e-01,6.720723584294319153e-03,9.444885253906250000e-01,0.000000000000000000e+00
-1.435974333435297012e-02,-1.803238093852996826e-01,5.260836333036422729e-02,-1.496533155441284180e-01,-9.827174544334411621e-01,1.089506521821022034e-01,0.000000000000000000e+00
-3.531986474990844727e-01,-1.024106368422508240e-01,1.580656021833419800e-01,-9.336949586868286133e-01,1.564134359359741211e-01,3.221002519130706787e-01,0.000000000000000000e+00
-1.483990699052810669e-01,2.140579968690872192e-01,4.400254692882299423e-03,1.487047970294952393e-01,9.836528897285461426e-01,-1.015573441982269287e-01,0.000000000000000000e+00
-2.910717427730560303e-01,2.030493170022964478e-01,2.135770209133625031e-02,-3.470134735107421875e-01,2.054156735539436340e-02,-9.376351833343505859e-01,0.000000000000000000e+00
2.811689972877502441e-01,-1.673967689275741577e-01,-1.243640948086977005e-02,3.030729889869689941e-01,-1.062661036849021912e-01,9.470239281654357910e-01,0.000000000000000000e+00
-2.833118140697479248e-01,-1.362686753273010254e-01,5.730115622282028198e-02,-1.621467322111129761e-01,-9.859995841979980469e-01,3.890082240104675293e-02,0.000000000000000000e+00
1.566278189420700073e-01,-4.815367981791496277e-02,-1.599601805210113525e-01,-3.347829282283782959e-01,-3.055328130722045898e-02,-9.417998194694519043e-01,0.000000000000000000e+00
2.166145294904708862e-01,1.532103866338729858e-01,-6.408116966485977173e-02,1.608695387840270996e-01,9.859976172447204590e-01,-4.392817988991737366e-02,0.000000000000000000e+00
-3.778650760650634766e-01,-7.687190920114517212e-02,7.603836059570312500e-02,-9.696371555328369141e-01,2.032783329486846924e-01,1.359473168849945068e-01,0.000000000000000000e+00
1.813923418521881104e-01,-2.243151813745498657e-01,-9.425916522741317749e-02,-2.087989449501037598e-01,-9.748848080635070801e-01,7.747660577297210693e-02,0.000000000000000000e+00
-2.677807211875915527e-01,1.758018583059310913e-01,1.830104440450668335e-01,3.810616731643676758e-01,1.772601157426834106e-02,9.243797063827514648e-01,0.000000000000000000e+00
-1.899964362382888794e-01,6.716468930244445801e-02,-1.960154436528682709e-02,-4.140126705169677734e-01,-1.658316329121589661e-02,-9.101200699806213379e-01,0.000000000000000000e+00
-3.300176858901977539e-01,7.139603048563003540e-02,1.394123286008834839e-01,-9.292927384376525879e-01,1.744013428688049316e-01,3.255751430988311768e-01,0.000000000000000000e+00
-2.522935625165700912e-03,-1.320386081933975220e-01,9.078615903854370117e-02,3.442374765872955322e-01,-7.699848711490631104e-02,9.357199072837829590e-01,0.000000000000000000e+00
-1.982235461473464966e-01,-2.267183363437652588e-02,-1.380459684878587723e-02,-4.791475534439086914e-01,1.552994921803474426e-02,-8.775969743728637695e-01,0.000000000000000000e+00
-5.349494889378547668e-02,-3.865465894341468811e-02,1.113140210509300232e-01,3.179387748241424561e-01,1.141000166535377502e-02,9.480425715446472168e-01,0.000000000000000000e+00
-2.034572362899780273e-01,-1.212848499417304993e-01,1.620278805494308472e-01,3.064515888690948486e-01,4.665901884436607361e-02,9.507420063018798828e-01,0.000000000000000000e+00
2.703582942485809326e-01,-1.955995708703994751e-01,-1.909998357295989990e-01,-3.436912596225738525e-01,-1.614970713853836060e-02,-9.389438033103942871e-01,0.000000000000000000e+00
-1.589527726173400879e-01,-2.596115134656429291e-02,-3.135910630226135254e-02,-3.717242181301116943e-01,-5.778402090072631836e-02,-9.265431165695190430e-01,0.000000000000000000e+00
1.671216785907745361e-01,1.620015203952789307e-01,-5.150650441646575928e-02,1.582932770252227783e-01,9.860224723815917969e-01,-5.199016630649566650e-02,0.000000000000000000e+00
-1.203658729791641235e-01,-1.300082653760910034e-01,1.331628561019897461e-01,3.480434417724609375e-01,-2.925874479115009308e-02,9.370217323303222656e-01,0.000000000000000000e+00
3.200057446956634521e-01,1.320142596960067749e-01,-1.210328787565231323e-01,1.577777415513992310e-01,9.841770529747009277e-01,-8.063313364982604980e-02,0.000000000000000000e+00
2.862126827239990234e-01,1.331776380538940430e-01,-1.555369645357131958e-01,1.201399564743041992e-01,9.849997758865356445e-01,-1.238623112440109253e-01,0.000000000000000000e+00
-1.831126362085342407e-01,2.211733013391494751e-01,1.970421336591243744e-02,1.700028479099273682e-01,9.783171415328979492e-01,-1.182986348867416382e-01,0.000000000000000000e+00
2.165553420782089233e-01,-3.394671529531478882e-02,1.606996357440948486e-02,3.604085445404052734e-01,2.016714401543140411e-02,9.325765371322631836e-01,0.000000000000000000e+00
-4.511862993240356445e-02,-1.208490207791328430e-01,-7.279848307371139526e-02,-3.880901634693145752e-01,-1.136483624577522278e-01,-9.145873785018920898e-01,0.000000000000000000e+00
-2.783809788525104523e-02,-1.860089451074600220e-01,-6.691481918096542358e-02,-3.092391490936279297e-01,-8.650630116462707520e-01,-3.950154185295104980e-01,0.000000000000000000e+00
7.596316933631896973e-02,-7.303211838006973267e-02,-1.275524049997329712e-01,-3.625876605510711670e-01,-5.710614845156669617e-02,-9.301984310150146484e-01,0.000000000000000000e+00
3.377918601036071777e-01,5.444898456335067749e-02,-3.758786246180534363e-02,3.901417851448059082e-01,1.017987504601478577e-01,9.151100516319274902e-01,0.000000000000000000e+00
-8.632538467645645142e-02,2.093466222286224365e-01,5.993324890732765198e-02,1.594204902648925781e-01,9.850205183029174805e-01,-6.572425365447998047e-02,0.000000000000000000e+00
8.882727473974227905e-02,1.583819091320037842e-01,-1.222193166613578796e-01,-2.530516684055328369e-01,3.567607700824737549e-01,-8.992700576782226562e-01,0.000000000000000000e+00
-1.134719625115394592e-01,-1.240823790431022644e-01,1.309860348701477051e-01,3.319689035415649414e-01,-3.731339424848556519e-02,9.425520300865173340e-01,0.000000000000000000e+00
-1.451976895332336426e-01,1.925439760088920593e-02,1.391222029924392700e-01,2.974896132946014404e-01,2.811939641833305359e-02,9.543108940124511719e-01,0.000000000000000000e+00
2.878948152065277100e-01,1.389884650707244873e-01,-3.297521919012069702e-02,4.011590480804443359e-01,6.291046738624572754e-01,6.658068299293518066e-01,0.000000000000000000e+00
2.771865725517272949e-01,1.016311272978782654e-01,-2.040308900177478790e-02,3.786844611167907715e-01,1.490318030118942261e-01,9.134482145309448242e-01,0.000000000000000000e+00
2.102666199207305908e-01,7.447736710309982300e-02,1.064117718487977982e-02,3.578428030014038086e-01,1.232425719499588013e-01,9.256132245063781738e-01,0.000000000000000000e+00
1.750714480876922607e-01,-1.666742712259292603e-01,2.425260096788406372e-02,3.393984735012054443e-01,-1.164725720882415771e-01,9.334039092063903809e-01,0.000000000000000000e+00
2.671065926551818848e-02,-1.960198134183883667e-01,-5.847506597638130188e-02,-9.995228797197341919e-02,-9.940869808197021484e-01,4.243406653404235840e-02,0.000000000000000000e+00
-1.398766338825225830e-01,1.374340951442718506e-01,-4.084101691842079163e-02,-4.078101813793182373e-01,4.838675260543823242e-02,-9.117837548255920410e-01,0.000000000000000000e+00
2.328232228755950928e-01,4.914334788918495178e-02,4.658098332583904266e-03,3.438787162303924561e-01,1.011179015040397644e-01,9.335537552833557129e-01,0.000000000000000000e+00
-3.717460632324218750e-01,-6.555419415235519409e-02,9.626559168100357056e-02,-9.415651559829711914e-01,1.717709153890609741e-01,2.897410392761230469e-01,0.000000000000000000e+00
-3.270163834095001221e-01,-2.517973445355892181e-02,1.928536742925643921e-01,-9.077646136283874512e-01,1.537231653928756714e-01,3.902980983257293701e-01,0.000000000000000000e+00
-3.499175906181335449e-01,-1.818114891648292542e-02,1.290236860513687134e-01,-9.099129438400268555e-01,1.546695828437805176e-01,3.848841190338134766e-01,0.000000000000000000e+00
1.764785796403884888e-01,-2.185404151678085327e-01,-4.697646573185920715e-02,-1.827255338430404663e-01,-9.763780832290649414e-01,1.153137832880020142e-01,0.000000000000000000e+00
6.041330471634864807e-02,1.574552953243255615e-01,-1.125907599925994873e-01,-3.330768942832946777e-01,1.533793061971664429e-01,-9.303411245346069336e-01,0.000000000000000000e+00
-2.232327461242675781e-01,1.021993253380060196e-02,1.655385494232177734e-01,4.944480061531066895e-01,4.544868692755699158e-02,8.680182099342346191e-01,0.000000000000000000e+00
-2.590559422969818115e-01,6.798568367958068848e-02,1.094762235879898071e-02,-4.259323775768280029e-01,-1.335727516561746597e-02,-9.046564102172851562e-01,0.000000000000000000e+00
1.907817423343658447e-01,7.083737850189208984e-02,1.874435879290103912e-02,3.649063706398010254e-01,1.064406037330627441e-01,9.249398708343505859e-01,0.000000000000000000e+00
1.583898365497589111e-01,3.389699384570121765e-02,3.466686606407165527e-02,3.500410616397857666e-01,6.334775686264038086e-02,9.345899224281311035e-01,0.000000000000000000e+00
-1.819486357271671295e-02,1.957141160964965820e-01,1.948811113834381104e-02,1.510211974382400513e-01,9.869082570075988770e-01,-5.661021173000335693e-02,0.000000000000000000e+00
3.557225465774536133e-01,1.024895533919334412e-01,-1.467836946249008179e-01,9.277530908584594727e-01,-1.345404088497161865e-01,-3.480992317199707031e-01,0.000000000000000000e+00
-5.463402345776557922e-02,1.619382500648498535e-01,-7.126322388648986816e-02,-3.379888832569122314e-01,1.052513867616653442e-01,-9.352462887763977051e-01,0.000000000000000000e+00
-3.472790420055389404e-01,-6.794176995754241943e-02,1.585575491189956665e-01,-9.296002388000488281e-01,1.579795628786087036e-01,3.329952359199523926e-01,0.000000000000000000e+00
-7.455760985612869263e-02,2.093143314123153687e-01,8.741315454244613647e-02,1.708045005798339844e-01,9.828253984451293945e-01,-6.985729187726974487e-02,0.000000000000000000e+00
2.748202383518218994e-01,-1.223629638552665710e-01,-1.937472671270370483e-01,-1.858998686075210571e-01,-3.042178601026535034e-02,-9.820976257324218750e-01,0.000000000000000000e+00
-1.602214127779006958e-01,-1.504339724779129028e-01,1.339461207389831543e-01,-1.056918874382972717e-01,-9.560578465461730957e-01,2.734642028808593750e-01,0.000000000000000000e+00
8.550284802913665771e-02,5.025198310613632202e-02,6.062488630414009094e-02,3.283111453056335449e-01,5.917847529053688049e-02,9.427140355110168457e-01,0.000000000000000000e+00
-5.326888710260391235e-02,1.657559419982135296e-03,1.103825122117996216e-01,3.056121468544006348e-01,3.143204376101493835e-02,9.516371488571166992e-01,0.000000000000000000e+00
2.483769953250885010e-01,1.440035104751586914e-01,-1.134005188941955566e-01,1.604983061552047729e-01,9.819818139076232910e-01,-9.975957125425338745e-02,0.000000000000000000e+00
-1.194469928741455078e-01,1.285188049077987671e-01,-4.913939535617828369e-02,-4.542944729328155518e-01,6.609350442886352539e-02,-8.883963823318481445e-01,0.000000000000000000e+00
3.028607070446014404e-01,-2.326079905033111572e-01,-1.044148355722427368e-01,9.354083538055419922e-01,-2.124225050210952759e-01,-2.826445400714874268e-01,0.000000000000000000e+00
-1.659819930791854858e-01,-6.979022920131683350e-02,1.484259217977523804e-01,2.958730459213256836e-01,3.357086330652236938e-02,9.546371698379516602e-01,0.000000000000000000e+00
-4.428016394376754761e-02,-1.593183539807796478e-02,1.081639677286148071e-01,3.149558305740356445e-01,3.966501355171203613e-02,9.482771158218383789e-01,0.000000000000000000e+00
2.230601608753204346e-01,-1.590815782546997070e-01,-1.776338964700698853e-01,-3.559933602809906006e-01,-7.903444021940231323e-02,-9.311403036117553711e-01,0.000000000000000000e+00
9.682149440050125122e-02,-2.090130448341369629e-01,-1.061291247606277466e-01,-1.197848692536354065e-01,-9.844137430191040039e-01,1.287676692008972168e-01,0.000000000000000000e+00
3.344548940658569336e-01,6.050173938274383545e-02,-3.684487193822860718e-02,3.611405789852142334e-01,1.117154434323310852e-01,9.257954359054565430e-01,0.000000000000000000e+00
-3.158035278320312500e-01,-1.005012243986129761e-01,4.013855382800102234e-02,-3.833468854427337646e-01,2.190982550382614136e-02,-9.233445525169372559e-01,0.000000000000000000e+00
-1.779352426528930664e-01,1.177725791931152344e-01,-2.530896849930286407e-02,-4.158492386341094971e-01,-4.407328087836503983e-03,-9.094228744506835938e-01,0.000000000000000000e+00
-2.560052648186683655e-02,-2.606375515460968018e-02,-8.864834159612655640e-02,-3.916857540607452393e-01,-4.150406271219253540e-02,-9.191625118255615234e-01,0.000000000000000000e+00
1.818330436944961548e-01,-9.510792791843414307e-02,-1.671400964260101318e-01,-3.316216170787811279e-01,-4.517496004700660706e-02,-9.423302412033081055e-01,0.000000000000000000e+00
2.601335644721984863e-01,-4.311393946409225464e-02,-1.929859519004821777e-01,-2.247002571821212769e-01,-3.367451578378677368e-02,-9.738458991050720215e-01,0.000000000000000000e+00
3.952765837311744690e-03,1.727347224950790405e-01,-9.021166712045669556e-02,-2.967723906040191650e-01,1.409464478492736816e-01,-9.444894194602966309e-01,0.000000000000000000e+00
1.724778562784194946e-01,5.301848798990249634e-02,2.766718901693820953e-02,3.583329021930694580e-01,8.579477667808532715e-02,9.296433925628662109e-01,0.000000000000000000e+00
3.001419603824615479e-01,-2.307393699884414673e-01,-1.146223768591880798e-01,9.295191168785095215e-01,-2.193615734577178955e-01,-2.964366078376770020e-01,0.000000000000000000e+00
-1.672976166009902954e-01,-4.897521436214447021e-02,-2.672776393592357635e-02,-4.079506099224090576e-01,-8.447278290987014771e-02,-9.090877771377563477e-01,0.000000000000000000e+00
-1.440489590167999268e-01,-1.614519506692886353e-01,2.399128489196300507e-02,-9.790843725204467773e-02,-9.945164322853088379e-01,3.675673156976699829e-02,0.000000000000000000e+00
-2.001345008611679077e-01,5.115370824933052063e-02,-1.445078477263450623e-02,-4.504103958606719971e-01,-1.787461340427398682e-02,-8.926426768302917480e-01,0.000000000000000000e+00
3.681310117244720459e-01,1.199579685926437378e-01,-1.160871237516403198e-01,8.185271620750427246e-01,4.515023231506347656e-01,-3.551886677742004395e-01,0.000000000000000000e+00
2.844302356243133545e-02,1.834388524293899536e-01,-4.488355293869972229e-02,1.354787051677703857e-01,9.855895042419433594e-01,-1.012857705354690552e-01,0.000000000000000000e+00
-2.616840898990631104e-01,1.282008886337280273e-01,1.815449893474578857e-01,3.209848701953887939e-01,6.160905584692955017e-02,9.450783133506774902e-01,0.000000000000000000e+00
2.919352650642395020e-01,-1.053483560681343079e-01,-1.966377943754196167e-01,3.316007927060127258e-02,-4.672363400459289551e-02,-9.983572959899902344e-01,0.000000000000000000e+00
-2.217209041118621826e-01,-3.869977965950965881e-02,1.653490215539932251e-01,3.350138366222381592e-01,2.121821977198123932e-02,9.419742822647094727e-01,0.000000000000000000e+00
-1.439827531576156616e-01,-1.565389782190322876e-01,9.092961996793746948e-02,-1.519586443901062012e-01,-9.850288033485412598e-01,8.140564709901809692e-02,0.000000000000000000e+00
-3.677256405353546143e-02,1.376559436321258545e-01,-8.040982484817504883e-02,-3.489477038383483887e-01,8.918323367834091187e-02,-9.328889846801757812e-01,0.000000000000000000e+00
-3.889328241348266602e-02,1.845636963844299316e-01,9.485492110252380371e-02,2.207040339708328247e-01,1.191677302122116089e-01,9.680334329605102539e-01,0.000000000000000000e+00
2.391821742057800293e-01,-1.535007506608963013e-01,3.313480410724878311e-03,2.877628207206726074e-01,-9.810096770524978638e-02,9.526640176773071289e-01,0.000000000000000000e+00
2.612544894218444824e-01,1.458446830511093140e-01,-2.476457133889198303e-02,3.965666294097900391e-01,7.157834768295288086e-01,5.747947096824645996e-01,0.000000000000000000e+00
2.391525357961654663e-01,-2.305819243192672729e-01,-5.050017312169075012e-02,-1.437497138977050781e-01,-9.748026728630065918e-01,1.705749034881591797e-01,0.000000000000000000e+00
-2.843451499938964844e-02,1.751685701310634613e-02,1.015814542770385742e-01,3.159067630767822266e-01,4.502964764833450317e-02,9.477210640907287598e-01,0.000000000000000000e+00
2.562537491321563721e-01,-5.527766793966293335e-02,-1.916701495647430420e-01,-2.247002571821212769e-01,-3.367451578378677368e-02,-9.738458991050720215e-01,0.000000000000000000e+00
-3.049377799034118652e-01,3.399312123656272888e-02,2.012225985527038574e-01,-2.885386943817138672e-01,1.121211126446723938e-01,9.508807659149169922e-01,0.000000000000000000e+00
2.295749485492706299e-01,-9.606609493494033813e-02,-1.832304298877716064e-01,-2.971614897251129150e-01,-2.835520915687084198e-02,-9.544061422348022461e-01,0.000000000000000000e+00
-3.577263057231903076e-01,-3.951916471123695374e-02,1.194417700171470642e-01,-9.007197618484497070e-01,1.569055169820785522e-01,4.050734937191009521e-01,0.000000000000000000e+00
1.573797166347503662e-01,9.248059988021850586e-02,2.912431769073009491e-02,3.560327291488647461e-01,1.244089081883430481e-01,9.261550307273864746e-01,0.000000000000000000e+00
-2.938581109046936035e-01,2.358406186103820801e-01,2.569859102368354797e-02,-1.301576048135757446e-01,7.092961668968200684e-01,-6.927899718284606934e-01,0.000000000000000000e+00
1.662477403879165649e-01,-1.552806347608566284e-01,2.881311252713203430e-02,3.296540081501007080e-01,-1.122424975037574768e-01,9.374059438705444336e-01,0.000000000000000000e+00
-2.182914912700653076e-01,9.138803184032440186e-02,1.632101088762283325e-01,3.458889424800872803e-01,-1.353947632014751434e-02,9.381777644157409668e-01,0.000000000000000000e+00
2.554111480712890625e-01,1.401456594467163086e-01,-1.356987953186035156e-01,1.545375585556030273e-01,9.794512987136840820e-01,-1.295887231826782227e-01,0.000000000000000000e+00
-3.122167885303497314e-01,1.048740819096565247e-01,1.690281629562377930e-01,-9.126606583595275879e-01,1.769584566354751587e-01,3.684239685535430908e-01,0.000000000000000000e+00
-2.756741940975189209e-01,8.345932513475418091e-02,1.883628666400909424e-01,3.104929625988006592e-01,4.281628504395484924e-02,9.496108889579772949e-01,0.000000000000000000e+00
3.061833679676055908e-01,8.144421875476837158e-02,-2.875255979597568512e-02,3.776291906833648682e-01,1.539765149354934692e-01,9.130648374557495117e-01,0.000000000000000000e+00
1.863878667354583740e-01,-2.101479321718215942e-01,-1.558038145303726196e-01,-3.763262629508972168e-01,-1.571037769317626953e-01,-9.130700826644897461e-01,0.000000000000000000e+00
-3.677171170711517334e-01,-5.584542639553546906e-03,5.767493695020675659e-02,-9.800239205360412598e-01,1.356769204139709473e-01,1.454128921031951904e-01,0.000000000000000000e+00
-1.595481485128402710e-02,1.847311109304428101e-01,-7.701797038316726685e-02,-1.360339112579822540e-02,8.560057282447814941e-01,-5.167872905731201172e-01,0.000000000000000000e+00
-7.849240303039550781e-02,-1.734192073345184326e-01,1.294393278658390045e-02,-1.540276259183883667e-01,-9.862000346183776855e-01,6.070400401949882507e-02,0.000000000000000000e+00
-2.222314774990081787e-01,-1.486153304576873779e-01,2.961057983338832855e-02,-1.950120180845260620e-01,-9.770131111145019531e-01,8.611458539962768555e-02,0.000000000000000000e+00
3.420177996158599854e-01,1.152511090040206909e-01,-4.919544607400894165e-02,3.653019368648529053e-01,1.299146711826324463e-01,9.217790961265563965e-01,0.000000000000000000e+00
1.744704991579055786e-01,9.288262575864791870e-02,2.243278920650482178e-02,3.644907176494598389e-01,1.309747844934463501e-01,9.219501614570617676e-01,0.000000000000000000e+00
2.171335667371749878e-01,-4.540570452809333801e-02,1.603813469409942627e-02,3.611834645271301270e-01,1.181266922503709793e-02,9.324199557304382324e-01,0.000000000000000000e+00
-4.565329849720001221e-02,-1.232862100005149841e-01,1.066568195819854736e-01,3.232311904430389404e-01,-4.153648391366004944e-02,9.454079866409301758e-01,0.000000000000000000e+00
-2.903244458138942719e-02,1.962277144193649292e-01,4.879601765424013138e-03,1.514364480972290039e-01,9.848788976669311523e-01,-8.414594829082489014e-02,0.000000000000000000e+00
3.545478582382202148e-01,-1.122066937386989594e-02,-9.443117678165435791e-02,9.314134716987609863e-01,-1.937346905469894409e-01,-3.081165552139282227e-01,0.000000000000000000e+00
-2.729296386241912842e-01,-7.544350624084472656e-02,1.880728006362915039e-01,4.228510260581970215e-01,-5.301191005855798721e-03,9.061837196350097656e-01,0.000000000000000000e+00
-2.855979800224304199e-01,-9.793002158403396606e-02,2.750774286687374115e-02,-3.816015124320983887e-01,-1.746970228850841522e-02,-9.241618514060974121e-01,0.000000000000000000e+00
-3.700161352753639221e-02,1.115869358181953430e-01,9.998720884323120117e-02,3.317820131778717041e-01,6.974083930253982544e-02,9.407746195793151855e-01,0.000000000000000000e+00
-8.812214247882366180e-03,1.890099942684173584e-01,-4.176713898777961731e-02,1.431773155927658081e-01,9.843220114707946777e-01,-1.030072271823883057e-01,0.000000000000000000e+00
-1.860708892345428467e-01,-1.413133144378662109e-01,1.538050770759582520e-01,1.133504733443260193e-01,-7.370020151138305664e-01,6.663180589675903320e-01,0.000000000000000000e+00
3.114461600780487061e-01,-2.107532024383544922e-01,-9.206164628267288208e-02,9.290833473205566406e-01,-2.324159443378448486e-01,-2.877272963523864746e-01,0.000000000000000000e+00
5.162546038627624512e-02,-9.638093411922454834e-02,-1.159479543566703796e-01,-3.680952191352844238e-01,-8.252719044685363770e-02,-9.261183142662048340e-01,0.000000000000000000e+00
1.028250083327293396e-01,1.747620552778244019e-01,-7.131586782634258270e-03,1.645021140575408936e-01,9.853021502494812012e-01,-4.602934792637825012e-02,0.000000000000000000e+00
-2.872104644775390625e-01,1.802100539207458496e-01,1.956867054104804993e-02,-3.523811697959899902e-01,1.077903434634208679e-02,-9.357944726943969727e-01,0.000000000000000000e+00
2.726955413818359375e-01,-3.031017072498798370e-02,-5.490681622177362442e-03,3.717216849327087402e-01,3.172199055552482605e-02,9.278020858764648438e-01,0.000000000000000000e+00
2.381721436977386475e-01,1.493994295597076416e-01,-1.495663728564977646e-02,3.703677356243133545e-01,7.110947966575622559e-01,5.976386666297912598e-01,0.000000000000000000e+00
3.302052617073059082e-01,-1.878318190574645996e-01,-4.591890051960945129e-02,9.314593672752380371e-01,-2.340954542160034180e-01,-2.785368263721466064e-01,0.000000000000000000e+00
-2.897203154861927032e-02,2.010377049446105957e-01,7.470028847455978394e-02,1.337618082761764526e-01,9.781185984611511230e-01,-1.593479365110397339e-01,0.000000000000000000e+00
3.223181366920471191e-01,-1.205829754471778870e-01,-2.487557940185070038e-02,3.991650044918060303e-01,1.460561435669660568e-02,9.167627692222595215e-01,0.000000000000000000e+00
-3.684251010417938232e-01,-1.163728237152099609e-01,1.129406094551086426e-01,-3.161131143569946289e-01,-9.385025501251220703e-01,1.388722509145736694e-01,0.000000000000000000e+00
-2.654677331447601318e-01,2.373976707458496094e-01,4.878082126379013062e-02,1.583007425069808960e-01,9.797804951667785645e-01,-1.223564371466636658e-01,0.000000000000000000e+00
-3.160034865140914917e-02,-2.252903766930103302e-02,-8.625122159719467163e-02,-3.916857540607452393e-01,-4.150406271219253540e-02,-9.191625118255615234e-01,0.000000000000000000e+00
3.237479329109191895e-01,1.206018254160881042e-01,-2.055255472660064697e-01,9.152218699455261230e-02,9.555667042732238770e-01,-2.802070677280426025e-01,0.000000000000000000e+00
3.608162105083465576e-01,3.280986845493316650e-02,-1.016635820269584656e-01,9.346978664398193359e-01,-1.722351461648941040e-01,-3.109259903430938721e-01,0.000000000000000000e+00
-3.008340895175933838e-01,-1.314442455768585205e-01,1.043020412325859070e-01,-1.624492257833480835e-01,-9.864555597305297852e-01,2.270814403891563416e-02,0.000000000000000000e+00
2.460139989852905273e-01,-2.502066642045974731e-02,4.714684560894966125e-03,3.631840348243713379e-01,2.750765159726142883e-02,9.313112497329711914e-01,0.000000000000000000e+00
2.555162906646728516e-01,-1.031356677412986755e-01,1.464697765186429024e-03,3.386685848236083984e-01,-2.646589837968349457e-02,9.405334591865539551e-01,0.000000000000000000e+00
2.846418023109436035e-01,5.719624832272529602e-02,-1.670160144567489624e-02,3.536091744899749756e-01,1.305041462182998657e-01,9.262446761131286621e-01,0.000000000000000000e+00
-1.818973571062088013e-01,1.772990673780441284e-01,-2.164646610617637634e-02,-3.712885677814483643e-01,2.815240621566772461e-02,-9.280906319618225098e-01,0.000000000000000000e+00
-3.570443391799926758e-01,9.840209968388080597e-03,9.842702001333236694e-02,-9.452053308486938477e-01,1.671825796365737915e-01,2.804227173328399658e-01,0.000000000000000000e+00
2.656422257423400879e-01,-1.849884092807769775e-01,-1.001728978008031845e-02,3.126231431961059570e-01,-1.542347967624664307e-01,9.372717738151550293e-01,0.000000000000000000e+00
-1.416028290987014771e-01,9.402900189161300659e-02,-4.121473804116249084e-02,-3.596569597721099854e-01,6.160846445709466934e-03,-9.330642819404602051e-01,0.000000000000000000e+00
1.361400932073593140e-01,-1.643955335021018982e-02,-1.531263142824172974e-01,-3.573194444179534912e-01,-3.205017745494842529e-02,-9.334321618080139160e-01,0.000000000000000000e+00
-1.546797305345535278e-01,-1.512437462806701660e-01,1.329589784145355225e-01,-2.021046429872512817e-01,-9.692336916923522949e-01,1.404982358217239380e-01,0.000000000000000000e+00
-3.169042468070983887e-01,-1.287212371826171875e-01,1.101540625095367432e-01,-1.777290552854537964e-01,-9.827907681465148926e-01,5.034539848566055298e-02,0.000000000000000000e+00
9.066016227006912231e-02,1.785544604063034058e-01,3.593162074685096741e-02,1.804216951131820679e-01,9.835734963417053223e-01,5.587660707533359528e-03,0.000000000000000000e+00
2.714189589023590088e-01,-5.638346076011657715e-02,-1.948768943548202515e-01,-2.062579989433288574e-01,-4.300707206130027771e-02,-9.775520563125610352e-01,0.000000000000000000e+00
-9.559881687164306641e-02,-6.572381407022476196e-02,1.255276352167129517e-01,4.065745472908020020e-01,-1.008591894060373306e-02,9.135619401931762695e-01,0.000000000000000000e+00
2.468812465667724609e-01,1.444912999868392944e-01,-1.110290288925170898e-01,1.744979768991470337e-01,9.792318344116210938e-01,-1.032253876328468323e-01,0.000000000000000000e+00
-9.261653572320938110e-02,-1.678721904754638672e-01,5.667687207460403442e-02,-1.439189165830612183e-01,-9.867726564407348633e-01,7.461274415254592896e-02,0.000000000000000000e+00
-2.914529144763946533e-01,-4.950306192040443420e-02,1.967083066701889038e-01,4.118439555168151855e-01,-5.018484313040971756e-03,9.112405776977539062e-01,0.000000000000000000e+00
-1.251027435064315796e-01,7.783366739749908447e-02,1.311628520488739014e-01,2.870550453662872314e-01,3.698628768324851990e-02,9.571997523307800293e-01,0.000000000000000000e+00
-1.994622796773910522e-01,-6.468493025749921799e-03,-1.337662618607282639e-02,-4.170425832271575928e-01,-1.824720017611980438e-02,-9.087037444114685059e-01,0.000000000000000000e+00
2.100167721509933472e-01,-1.501955687999725342e-01,-1.735621392726898193e-01,-3.509998917579650879e-01,-8.611081540584564209e-02,-9.324076175689697266e-01,0.000000000000000000e+00
-1.427898705005645752e-01,-1.430306285619735718e-01,-2.938676998019218445e-02,-3.722724616527557373e-01,-1.008475199341773987e-01,-9.226282835006713867e-01,0.000000000000000000e+00
-2.152869999408721924e-01,9.533466398715972900e-02,1.621593683958053589e-01,3.458889424800872803e-01,-1.353947632014751434e-02,9.381777644157409668e-01,0.000000000000000000e+00
2.848292291164398193e-01,1.338884532451629639e-01,-1.510834544897079468e-01,1.199802458286285400e-01,9.855402112007141113e-01,-1.196463778614997864e-01,0.000000000000000000e+00
-1.588489264249801636e-01,-1.509258896112442017e-01,1.307638585567474365e-01,-1.157903000712394714e-01,-9.891374111175537109e-01,9.055264294147491455e-02,0.000000000000000000e+00
1.555189192295074463e-01,-1.511552333831787109e-01,3.307045996189117432e-02,3.300661742687225342e-01,-1.014445200562477112e-01,9.384909868240356445e-01,0.000000000000000000e+00
2.665577232837677002e-01,-2.433343678712844849e-01,-1.012859344482421875e-01,-2.086937427520751953e-01,-9.747176170349121094e-01,7.982778549194335938e-02,0.000000000000000000e+00
-3.405452370643615723e-01,1.759910732507705688e-01,4.802037030458450317e-02,-9.490608572959899902e-01,2.101664394140243530e-01,2.347628176212310791e-01,0.000000000000000000e+00
-3.349905312061309814e-01,1.140464544296264648e-01,3.823003172874450684e-02,-3.372380137443542480e-01,-3.051911666989326477e-02,-9.409245848655700684e-01,0.000000000000000000e+00
-2.328816950321197510e-01,-1.342952600680291653e-03,1.697653234004974365e-01,3.725718855857849121e-01,-1.557301264256238937e-02,9.278726577758789062e-01,0.000000000000000000e+00
-9.711200371384620667e-03,9.962920099496841431e-02,-9.396789968013763428e-02,-3.508204221725463867e-01,7.490920275449752808e-02,-9.334418177604675293e-01,0.000000000000000000e+00
-2.948166429996490479e-01,2.225097119808197021e-01,1.471486687660217285e-01,-9.400644898414611816e-01,1.921787410974502563e-01,2.816844582557678223e-01,0.000000000000000000e+00
2.745329737663269043e-01,1.324128210544586182e-01,-1.742205470800399780e-01,1.182924211025238037e-01,9.855712652206420898e-01,-1.210625097155570984e-01,0.000000000000000000e+00
5.943816155195236206e-02,-1.994313895702362061e-01,-4.040225967764854431e-02,-1.095337346196174622e-01,-9.922251701354980469e-01,5.908989906311035156e-02,0.000000000000000000e+00
2.447764948010444641e-02,7.908698916435241699e-02,-1.084026917815208435e-01,-3.757371008396148682e-01,9.939150512218475342e-02,-9.213809967041015625e-01,0.000000000000000000e+00
3.159126937389373779e-01,-1.060511171817779541e-01,-2.182284370064735413e-02,4.045724868774414062e-01,3.023899160325527191e-02,9.140058755874633789e-01,0.000000000000000000e+00
2.060839682817459106e-01,8.479811251163482666e-03,-1.777606308460235596e-01,-3.211731910705566406e-01,1.090311165899038315e-02,-9.469577074050903320e-01,0.000000000000000000e+00
-2.141496986150741577e-01,1.347745507955551147e-01,1.613262891769409180e-01,3.945775628089904785e-01,1.425679959356784821e-02,9.187520146369934082e-01,0.000000000000000000e+00
-2.679086327552795410e-01,-1.341551691293716431e-01,1.623591035604476929e-01,-2.091879397630691528e-01,-9.759718179702758789e-01,6.098695844411849976e-02,0.000000000000000000e+00
8.772319555282592773e-02,1.407844666391611099e-02,6.140710040926933289e-02,3.585080206394195557e-01,2.828291803598403931e-02,9.330980777740478516e-01,0.000000000000000000e+00
-4.611315205693244934e-02,-1.701148003339767456e-01,-6.554933637380599976e-02,-3.949756324291229248e-01,-1.470499485731124878e-01,-9.068465232849121094e-01,0.000000000000000000e+00
7.939217239618301392e-02,-1.987330317497253418e-01,4.282038134988397360e-04,-9.887021034955978394e-02,-9.920657277107238770e-01,7.765521109104156494e-02,0.000000000000000000e+00
-2.815094590187072754e-01,-6.907563656568527222e-02,1.920921057462692261e-01,4.194383919239044189e-01,-3.580204211175441742e-03,9.077767133712768555e-01,0.000000000000000000e+00
-3.098144829273223877e-01,-9.456296265125274658e-02,3.749927505850791931e-02,-3.801376223564147949e-01,1.490997150540351868e-02,-9.248097538948059082e-01,0.000000000000000000e+00
1.378012150526046753e-01,-2.077096551656723022e-01,-1.741289719939231873e-02,-1.661075204610824585e-01,-9.821968674659729004e-01,8.773627877235412598e-02,0.000000000000000000e+00
-3.015184998512268066e-01,2.164093703031539917e-01,1.298364847898483276e-01,-9.282936453819274902e-01,2.001661658287048340e-01,3.133757412433624268e-01,0.000000000000000000e+00
1.127187311649322510e-01,-8.795870095491409302e-02,5.274988710880279541e-02,3.319556713104248047e-01,-3.117197938263416290e-02,9.427797794342041016e-01,0.000000000000000000e+00
3.158361911773681641e-01,-2.163966298103332520e-01,-7.290552556514739990e-02,9.305105805397033691e-01,-2.385052442550659180e-01,-2.779663205146789551e-01,0.000000000000000000e+00
3.662568032741546631e-01,1.049138158559799194e-01,-1.188884079456329346e-01,9.314755201339721680e-01,-1.389596015214920044e-01,-3.362196385860443115e-01,0.000000000000000000e+00
-3.413287401199340820e-01,-4.980837926268577576e-02,4.916193336248397827e-02,-2.975488007068634033e-01,-7.539662718772888184e-02,-9.517247676849365234e-01,0.000000000000000000e+00
2.538096606731414795e-01,5.058020725846290588e-02,-1.926688700914382935e-01,-3.170751929283142090e-01,4.179892316460609436e-02,-9.474788308143615723e-01,0.000000000000000000e+00
3.079413771629333496e-01,1.044078767299652100e-01,-2.071086913347244263e-01,-2.933844029903411865e-01,6.983729451894760132e-02,-9.534402489662170410e-01,0.000000000000000000e+00
-3.375344276428222656e-01,1.776088625192642212e-01,5.818132311105728149e-02,-9.345620870590209961e-01,1.947153061628341675e-01,2.977912425994873047e-01,0.000000000000000000e+00
-3.067122213542461395e-02,-1.792664639651775360e-02,-8.681853860616683960e-02,-3.926473259925842285e-01,-3.330436348915100098e-02,-9.190859198570251465e-01,0.000000000000000000e+00
-3.337193652987480164e-02,4.277857020497322083e-02,-8.675824850797653198e-02,-3.824771046638488770e-01,5.514675285667181015e-03,-9.239485263824462891e-01,0.000000000000000000e+00
3.248882889747619629e-01,-9.377921372652053833e-02,-1.325504630804061890e-01,9.249034523963928223e-01,-2.278552353382110596e-01,-3.043609559535980225e-01,0.000000000000000000e+00
-8.201072365045547485e-02,-1.280254870653152466e-01,1.200980544090270996e-01,4.046595990657806396e-01,-9.578503668308258057e-02,9.094371199607849121e-01,0.000000000000000000e+00
2.576622068881988525e-01,-2.350795567035675049e-01,-5.883287265896797180e-02,-1.677877008914947510e-01,-9.687865972518920898e-01,1.824822872877120972e-01,0.000000000000000000e+00
-3.411456570029258728e-02,1.947251707315444946e-01,-2.118433080613613129e-02,1.357680559158325195e-01,9.859787821769714355e-01,-9.702013432979583740e-02,0.000000000000000000e+00
2.083275318145751953e-01,2.789043821394443512e-02,1.626862213015556335e-02,3.496992290019989014e-01,6.178896874189376831e-02,9.348222017288208008e-01,0.000000000000000000e+00
1.964647471904754639e-01,1.584289520978927612e-01,-1.169875822961330414e-02,1.839692890644073486e-01,9.828645586967468262e-01,-1.151560712605714798e-02,0.000000000000000000e+00
-9.289353340864181519e-02,2.104093730449676514e-01,5.989658460021018982e-02,1.633222103118896484e-01,9.840309023857116699e-01,-7.077445089817047119e-02,0.000000000000000000e+00
1.344466232694685459e-03,-1.916546672582626343e-01,-5.176206678152084351e-02,-1.695181876420974731e-01,-9.809016585350036621e-01,9.537019580602645874e-02,0.000000000000000000e+00
-3.011577129364013672e-01,-1.735923439264297485e-02,2.008331120014190674e-01,4.051522016525268555e-01,1.130200829356908798e-02,9.141793847084045410e-01,0.000000000000000000e+00
3.013557791709899902e-01,-1.722323894500732422e-01,-1.521225422620773315e-01,9.226378798484802246e-01,-2.102494090795516968e-01,-3.233180344104766846e-01,0.000000000000000000e+00
4.036888852715492249e-02,-1.895963698625564575e-01,3.780875355005264282e-02,-1.219063475728034973e-01,-9.904039502143859863e-01,6.510666012763977051e-02,0.000000000000000000e+00
6.095828488469123840e-02,1.214592829346656799e-01,6.314764916896820068e-02,3.444796204566955566e-01,1.080408915877342224e-01,9.325561523437500000e-01,0.000000000000000000e+00
1.702908128499984741e-01,2.900064177811145782e-02,-1.647403538227081299e-01,-3.913844823837280273e-01,4.208581894636154175e-02,-9.192643761634826660e-01,0.000000000000000000e+00
-2.414892166852951050e-01,-1.332575529813766479e-01,1.001835335046052933e-02,-3.949911892414093018e-01,-1.496374607086181641e-02,-9.185630083084106445e-01,0.000000000000000000e+00
-2.735828757286071777e-01,2.467000484466552734e-01,1.372058540582656860e-01,1.562830656766891479e-01,9.864600300788879395e-01,-4.972124844789505005e-02,0.000000000000000000e+00
-1.735275238752365112e-01,4.757439717650413513e-02,1.472666859626770020e-01,3.119395673274993896e-01,1.533715985715389252e-02,9.499781727790832520e-01,0.000000000000000000e+00
-1.313934177160263062e-01,2.202453017234802246e-01,9.788096696138381958e-02,2.195054441690444946e-01,9.672412276268005371e-01,-1.275218129158020020e-01,0.000000000000000000e+00
4.227047413587570190e-02,4.923108965158462524e-02,7.596204429864883423e-02,3.495379090309143066e-01,4.193834587931632996e-02,9.359831213951110840e-01,0.000000000000000000e+00
-3.040420114994049072e-01,-1.324773430824279785e-01,6.136849895119667053e-02,-1.780840158462524414e-01,-9.826283454895019531e-01,5.222639814019203186e-02,0.000000000000000000e+00
2.282211184501647949e-01,-1.842640042304992676e-01,3.100225003436207771e-03,3.398258090019226074e-01,-1.435632705688476562e-01,9.294664859771728516e-01,0.000000000000000000e+00
-2.782507240772247314e-01,2.949350513517856598e-02,1.903415173292160034e-01,4.116063416004180908e-01,1.147485338151454926e-03,9.113610386848449707e-01,0.000000000000000000e+00
-1.543138772249221802e-01,-1.351265162229537964e-01,1.455249190330505371e-01,3.433009684085845947e-01,1.513493619859218597e-02,9.391034841537475586e-01,0.000000000000000000e+00
-2.849218845367431641e-01,-1.333543658256530762e-01,1.094034612178802490e-01,-8.634834736585617065e-02,-9.960435032844543457e-01,2.100582979619503021e-02,0.000000000000000000e+00
-3.255591690540313721e-01,9.828238189220428467e-02,3.546771034598350525e-02,-3.299321532249450684e-01,-2.961932867765426636e-02,-9.435398578643798828e-01,0.000000000000000000e+00
-2.480462342500686646e-01,-1.249590292572975159e-01,1.251854561269283295e-02,-3.824105858802795410e-01,-4.007961601018905640e-02,-9.231228232383728027e-01,0.000000000000000000e+00
1.819673627614974976e-01,8.652348071336746216e-02,-1.652079373598098755e-01,-3.334835171699523926e-01,1.013200432062149048e-01,-9.372955560684204102e-01,0.000000000000000000e+00
-1.723478883504867554e-01,1.664964831434190273e-03,1.480433791875839233e-01,2.969228625297546387e-01,3.072742745280265808e-02,9.544069766998291016e-01,0.000000000000000000e+00
-1.938585788011550903e-01,1.388893723487854004e-01,-1.804387755692005157e-02,-3.947919905185699463e-01,-3.299376741051673889e-02,-9.181779026985168457e-01,0.000000000000000000e+00
3.065655231475830078e-01,-1.381950974464416504e-01,-1.583168953657150269e-01,9.107450842857360840e-01,-2.086431533098220825e-01,-3.563866615295410156e-01,0.000000000000000000e+00
-2.424090802669525146e-01,2.423960566520690918e-01,1.550672054290771484e-01,1.589937508106231689e-01,9.870610833168029785e-01,-2.077155187726020813e-02,0.000000000000000000e+00
-1.257598847150802612e-01,3.532608970999717712e-02,-4.773424938321113586e-02,-4.056032598018646240e-01,-2.017039339989423752e-03,-9.140470027923583984e-01,0.000000000000000000e+00
-2.553234063088893890e-02,1.963519752025604248e-01,8.810653537511825562e-02,3.823706805706024170e-01,3.796973228454589844e-01,8.423910140991210938e-01,0.000000000000000000e+00
-1.452933400869369507e-01,-5.967499688267707825e-02,1.417077928781509399e-01,3.019710481166839600e-01,2.245834842324256897e-02,9.530525207519531250e-01,0.000000000000000000e+00
2.795403003692626953e-01,1.310968101024627686e-01,-1.790756881237030029e-01,1.382765024900436401e-01,9.815523624420166016e-01,-1.320401281118392944e-01,0.000000000000000000e+00
-8.314720541238784790e-02,-3.974432498216629028e-02,-6.337463110685348511e-02,-3.939245641231536865e-01,-4.834020137786865234e-02,-9.178707003593444824e-01,0.000000000000000000e+00
1.895756274461746216e-01,1.597595810890197754e-01,-8.480338379740715027e-03,1.618281900882720947e-01,9.852883219718933105e-01,-5.494094640016555786e-02,0.000000000000000000e+00
2.351446151733398438e-01,-1.518954932689666748e-01,4.986189305782318115e-03,3.522249758243560791e-01,-1.101355999708175659e-01,9.294125437736511230e-01,0.000000000000000000e+00
2.327801100909709930e-02,4.492218792438507080e-02,-1.093746349215507507e-01,-3.790283799171447754e-01,1.402410306036472321e-02,-9.252787828445434570e-01,0.000000000000000000e+00
-3.398074209690093994e-01,-1.222802698612213135e-01,1.542885750532150269e-01,-1.892267465591430664e-01,-9.768381714820861816e-01,9.990222752094268799e-02,0.000000000000000000e+00
-6.534472107887268066e-02,5.499430373311042786e-02,-7.350730895996093750e-02,-3.827227056026458740e-01,7.602312602102756500e-03,-9.238319993019104004e-01,0.000000000000000000e+00
5.816327035427093506e-02,1.054066419601440430e-01,6.588992476463317871e-02,3.410204946994781494e-01,8.906377106904983521e-02,9.358272552490234375e-01,0.000000000000000000e+00
-7.689800858497619629e-02,-3.579229116439819336e-02,-6.627415865659713745e-02,-3.954563140869140625e-01,-4.866937920451164246e-02,-9.171944260597229004e-01,0.000000000000000000e+00
5.691792815923690796e-02,1.733879595994949341e-01,-9.406063705682754517e-02,1.480289697647094727e-01,9.761976599693298340e-01,-1.585104018449783325e-01,0.000000000000000000e+00
-1.586997881531715393e-03,1.677687168121337891e-01,-8.915717899799346924e-02,-3.061745166778564453e-01,1.403912454843521118e-01,-9.415665268898010254e-01,0.000000000000000000e+00
-1.667298674583435059e-01,-7.060775160789489746e-02,1.486864686012268066e-01,2.958730459213256836e-01,3.357086330652236938e-02,9.546371698379516602e-01,0.000000000000000000e+00
1.453936696052551270e-01,-1.346602886915206909e-01,3.827404975891113281e-02,3.177752792835235596e-01,-7.947752624750137329e-02,9.448291659355163574e-01,0.000000000000000000e+00
1.436140537261962891e-01,-1.428220719099044800e-01,3.813497349619865417e-02,3.233310580253601074e-01,-9.980304539203643799e-02,9.410081505775451660e-01,0.000000000000000000e+00
-1.284475922584533691e-01,-1.666736304759979248e-01,-2.975337766110897064e-02,-3.021652996540069580e-01,-8.927481770515441895e-01,-3.342107534408569336e-01,0.000000000000000000e+00
-1.322292983531951904e-01,1.041477993130683899e-01,-4.469147697091102600e-02,-3.276576399803161621e-01,3.099941415712237358e-03,-9.447914361953735352e-01,0.000000000000000000e+00
-3.709349632263183594e-01,-3.218803182244300842e-02,6.492073088884353638e-02,-9.795275926589965820e-01,1.594019830226898193e-01,1.229502186179161072e-01,0.000000000000000000e+00
1.813417375087738037e-01,-7.703834772109985352e-02,-1.677377074956893921e-01,-3.346118927001953125e-01,-3.950972482562065125e-02,-9.415274262428283691e-01,0.000000000000000000e+00
-2.319582998752593994e-01,-8.378759026527404785e-02,3.886409103870391846e-03,-4.055542647838592529e-01,-3.787345811724662781e-02,-9.132860302925109863e-01,0.000000000000000000e+00
1.906069926917552948e-02,4.558105021715164185e-02,8.412854373455047607e-02,3.211202323436737061e-01,4.629114270210266113e-02,9.459064006805419922e-01,0.000000000000000000e+00
-2.262869104743003845e-02,-1.850431561470031738e-01,-1.216464117169380188e-02,-1.833951771259307861e-01,-9.794483184814453125e-01,8.394768089056015015e-02,0.000000000000000000e+00
2.036420255899429321e-01,9.327068924903869629e-03,-1.769226640462875366e-01,-3.211731910705566406e-01,1.090311165899038315e-02,-9.469577074050903320e-01,0.000000000000000000e+00
-1.544387042522430420e-01,-1.625437587499618530e-01,-1.801164075732231140e-02,-2.820066213607788086e-01,-8.758615851402282715e-01,-3.915849328041076660e-01,0.000000000000000000e+00
3.312283009290695190e-02,-6.757891923189163208e-02,-1.107389777898788452e-01,-3.736351430416107178e-01,-5.507911741733551025e-02,-9.259390234947204590e-01,0.000000000000000000e+00
2.340890280902385712e-02,-1.563286334276199341e-01,-9.667172282934188843e-02,-3.797835111618041992e-01,-1.417761743068695068e-01,-9.141466021537780762e-01,0.000000000000000000e+00
-3.371443450450897217e-01,-8.768367767333984375e-02,1.958454847335815430e-01,-9.188883304595947266e-01,1.849570125341415405e-01,3.484753966331481934e-01,0.000000000000000000e+00
3.458769917488098145e-01,-5.648402497172355652e-02,-9.278996288776397705e-02,9.335342645645141602e-01,-1.882822364568710327e-01,-3.050633072853088379e-01,0.000000000000000000e+00
1.649528294801712036e-01,-1.589830070734024048e-01,2.882517874240875244e-02,3.296540081501007080e-01,-1.122424975037574768e-01,9.374059438705444336e-01,0.000000000000000000e+00
-2.618653178215026855e-01,1.673116907477378845e-02,1.474474091082811356e-02,-3.901275098323822021e-01,-8.544241636991500854e-02,-9.167879223823547363e-01,0.000000000000000000e+00
2.785698175430297852e-01,-1.417277455329895020e-01,-1.941835880279541016e-01,-2.039088755846023560e-01,-1.937252096831798553e-02,-9.787981510162353516e-01,0.000000000000000000e+00
2.834052741527557373e-01,-5.374400410801172256e-03,-1.081481762230396271e-02,3.701475858688354492e-01,5.958618596196174622e-02,9.270600080490112305e-01,0.000000000000000000e+00
3.624210953712463379e-01,1.230472773313522339e-01,-1.175350174307823181e-01,3.840274214744567871e-01,9.078189730644226074e-01,-1.684862673282623291e-01,0.000000000000000000e+00
-1.910880953073501587e-01,1.318004727363586426e-01,-1.931661739945411682e-02,-4.020530581474304199e-01,4.954434558749198914e-02,-9.142749309539794922e-01,0.000000000000000000e+00
-3.538942635059356689e-01,-3.391662240028381348e-02,1.257925331592559814e-01,-9.007197618484497070e-01,1.569055169820785522e-01,4.050734937191009521e-01,0.000000000000000000e+00
-2.646860182285308838e-01,6.373132765293121338e-02,1.375073287636041641e-02,-4.098351895809173584e-01,-2.983721531927585602e-02,-9.116714596748352051e-01,0.000000000000000000e+00
-6.744620949029922485e-02,2.018640935420989990e-01,5.102937109768390656e-03,8.248767256736755371e-02,9.928674697875976562e-01,-8.608128875494003296e-02,0.000000000000000000e+00
4.172736778855323792e-02,1.312898471951484680e-02,-1.170341596007347107e-01,-3.698680102825164795e-01,1.253293594345450401e-03,-9.290834665298461914e-01,0.000000000000000000e+00
-3.336537480354309082e-01,-1.273511350154876709e-01,9.180232882499694824e-02,-1.277720034122467041e-01,-9.913628697395324707e-01,2.956229820847511292e-02,0.000000000000000000e+00
1.114316284656524658e-01,-1.975231617689132690e-01,3.670367226004600525e-02,4.260894656181335449e-02,-8.799216151237487793e-01,4.732044637203216553e-01,0.000000000000000000e+00
7.746364176273345947e-02,-3.577406704425811768e-02,-1.300700157880783081e-01,-3.604378998279571533e-01,-3.627528622746467590e-02,-9.320775866508483887e-01,0.000000000000000000e+00
-1.299761980772018433e-01,1.386914253234863281e-01,-4.473657906055450439e-02,-3.075216412544250488e-01,9.247405081987380981e-02,-9.470369219779968262e-01,0.000000000000000000e+00
-2.112488597631454468e-01,-6.489104032516479492e-02,1.624762862920761108e-01,3.155899345874786377e-01,2.411993406713008881e-02,9.485890865325927734e-01,0.000000000000000000e+00
4.313515126705169678e-02,-3.335675224661827087e-02,7.798392325639724731e-02,3.348998129367828369e-01,-1.963816815987229347e-03,9.422516822814941406e-01,0.000000000000000000e+00
1.574748754501342773e-01,-1.625104993581771851e-02,-1.609671115875244141e-01,-3.211660683155059814e-01,-1.347277592867612839e-02,-9.469270706176757812e-01,0.000000000000000000e+00
2.810733318328857422e-01,-1.020895200781524181e-03,-1.993324011564254761e-01,-2.127841264009475708e-01,-6.110308691859245300e-02,-9.751868247985839844e-01,0.000000000000000000e+00
-3.106196820735931396e-01,1.161540597677230835e-01,2.940239757299423218e-02,-3.360613584518432617e-01,-3.956923633813858032e-02,-9.410085082054138184e-01,0.000000000000000000e+00
3.638400137424468994e-01,3.396128490567207336e-02,-4.951877519488334656e-02,5.236574411392211914e-01,-1.023756433278322220e-02,8.518673777580261230e-01,0.000000000000000000e+00
-3.250794410705566406e-01,-3.702103346586227417e-02,1.997729986906051636e-01,-7.600154876708984375e-01,1.792074292898178101e-01,6.247088313102722168e-01,0.000000000000000000e+00
-3.273628354072570801e-01,1.906731277704238892e-01,8.013559132814407349e-02,-9.219853878021240234e-01,2.139725983142852783e-01,3.227362632751464844e-01,0.000000000000000000e+00
1.842633932828903198e-01,-2.266582995653152466e-01,-1.199955120682716370e-01,-2.080668061971664429e-01,-9.768514633178710938e-01,4.969327151775360107e-02,0.000000000000000000e+00
-1.268884837627410889e-01,2.104989588260650635e-01,8.325267117470502853e-04,1.523980647325515747e-01,9.833569526672363281e-01,-9.891380369663238525e-02,0.000000000000000000e+00
3.247427642345428467e-01,-7.324086129665374756e-02,-2.668923884630203247e-02,5.141927599906921387e-01,6.110108457505702972e-03,8.576529026031494141e-01,0.000000000000000000e+00
1.132723316550254822e-01,-1.995338052511215210e-01,3.279912844300270081e-02,4.260894656181335449e-02,-8.799216151237487793e-01,4.732044637203216553e-01,0.000000000000000000e+00
-3.489785492420196533e-01,-7.176165934652090073e-03,1.268225610256195068e-01,-9.104136228561401367e-01,1.533599942922592163e-01,3.842235803604125977e-01,0.000000000000000000e+00
-2.485661357641220093e-01,1.225089132785797119e-01,1.761963218450546265e-01,4.135534763336181641e-01,-4.722711071372032166e-02,9.092541337013244629e-01,0.000000000000000000e+00
-4.893633350729942322e-02,-1.636578142642974854e-01,-6.531337648630142212e-02,-3.811932802200317383e-01,-1.402834951877593994e-01,-9.137900471687316895e-01,0.000000000000000000e+00
-3.435027897357940674e-01,1.652388423681259155e-01,4.608845710754394531e-02,-9.479928612709045410e-01,2.225043624639511108e-01,2.275990396738052368e-01,0.000000000000000000e+00
4.589274898171424866e-02,1.505753993988037109e-01,-1.083932891488075256e-01,-3.457717299461364746e-01,1.412900388240814209e-01,-9.276201128959655762e-01,0.000000000000000000e+00
2.822573184967041016e-01,-1.127984598278999329e-01,-1.953273266553878784e-01,-1.854901611804962158e-01,-2.056310884654521942e-02,-9.824309349060058594e-01,0.000000000000000000e+00
1.472753733396530151e-01,-1.196518912911415100e-01,-1.519265323877334595e-01,-4.662470817565917969e-01,-6.046657636761665344e-02,-8.825856447219848633e-01,0.000000000000000000e+00
1.182518005371093750e-01,-1.834823340177536011e-01,-1.321245431900024414e-01,-3.807681798934936523e-01,-1.470614671707153320e-01,-9.129011631011962891e-01,0.000000000000000000e+00
-2.938199937343597412e-01,2.382787913084030151e-01,1.400341540575027466e-01,-9.382240772247314453e-01,1.748342514038085938e-01,2.986110746860504150e-01,0.000000000000000000e+00
-3.267342746257781982e-01,-6.165027245879173279e-02,4.499653726816177368e-02,-3.737545609474182129e-01,-3.026481717824935913e-02,-9.270337224006652832e-01,0.000000000000000000e+00
-1.968665719032287598e-01,2.212213277816772461e-01,1.992867328226566315e-03,1.350295096635818481e-01,9.839633107185363770e-01,-1.165470555424690247e-01,0.000000000000000000e+00
-3.306418061256408691e-01,-1.216243207454681396e-01,1.753902137279510498e-01,-1.821021586656570435e-01,-9.759303331375122070e-01,1.199950426816940308e-01,0.000000000000000000e+00
-1.211624406278133392e-02,9.000454097986221313e-03,-9.534492343664169312e-02,-3.744302690029144287e-01,-2.394252456724643707e-02,-9.269459247589111328e-01,0.000000000000000000e+00
8.995620906352996826e-02,1.723058670759201050e-01,-6.519104540348052979e-02,1.500909328460693359e-01,9.830176234245300293e-01,-1.055891439318656921e-01,0.000000000000000000e+00
-2.447041869163513184e-01,-3.088372573256492615e-02,1.748977005481719971e-01,4.232549369335174561e-01,-4.565570037811994553e-03,9.059991240501403809e-01,0.000000000000000000e+00
6.986631453037261963e-02,-6.416105479001998901e-02,6.844048947095870972e-02,3.336483240127563477e-01,-1.264366973191499710e-02,9.426128268241882324e-01,0.000000000000000000e+00
2.578394114971160889e-01,1.469647139310836792e-01,-2.458241395652294159e-02,2.771138548851013184e-01,9.348696470260620117e-01,2.218708097934722900e-01,0.000000000000000000e+00
2.088425457477569580e-01,3.976834192872047424e-02,1.501636672765016556e-02,3.518465161323547363e-01,8.459762483835220337e-02,9.322270750999450684e-01,0.000000000000000000e+00
2.335554510354995728e-01,8.177670836448669434e-02,-1.837879717350006104e-01,-3.255919814109802246e-01,6.990712881088256836e-02,-9.429225325584411621e-01,0.000000000000000000e+00
5.868520587682723999e-02,1.636462807655334473e-01,5.867063999176025391e-02,3.567733168601989746e-01,1.514630466699600220e-01,9.218306541442871094e-01,0.000000000000000000e+00
-7.940021157264709473e-02,-2.468628808856010437e-02,1.191670522093772888e-01,2.345549315214157104e-01,4.584930092096328735e-02,9.710209965705871582e-01,0.000000000000000000e+00
-1.076874807476997375e-01,1.018874421715736389e-01,-5.518681183457374573e-02,-3.345097005367279053e-01,7.852732203900814056e-03,-9.423595666885375977e-01,0.000000000000000000e+00
-3.026768565177917480e-01,-6.412203889340162277e-03,2.017655819654464722e-01,5.201950669288635254e-01,-7.181648910045623779e-02,8.510226011276245117e-01,0.000000000000000000e+00
3.022481799125671387e-01,-2.406212538480758667e-01,-9.102658182382583618e-02,3.878077864646911621e-01,-9.114562273025512695e-01,-1.373049914836883545e-01,0.000000000000000000e+00
8.296298980712890625e-02,7.094945013523101807e-02,-1.311033815145492554e-01,-3.453628718852996826e-01,6.334389746189117432e-02,-9.363290071487426758e-01,0.000000000000000000e+00
2.016561031341552734e-01,-4.801008477807044983e-02,-1.757328659296035767e-01,-3.092456758022308350e-01,-2.233104035258293152e-02,-9.507199525833129883e-01,0.000000000000000000e+00
1.388312578201293945e-01,-2.162280082702636719e-01,-1.034861505031585693e-01,-1.952479928731918335e-01,-9.758839607238769531e-01,9.761485457420349121e-02,0.000000000000000000e+00
2.412315011024475098e-01,-8.777698874473571777e-02,-1.868626028299331665e-01,-2.744221985340118408e-01,-2.507760562002658844e-02,-9.612822532653808594e-01,0.000000000000000000e+00
1.590683609247207642e-01,1.116875633597373962e-01,-1.543098688125610352e-01,-3.407473564147949219e-01,1.293126493692398071e-01,-9.312193393707275391e-01,0.000000000000000000e+00
-2.221508324146270752e-01,-1.332817412912845612e-02,1.657273322343826294e-01,4.156668782234191895e-01,-3.123197006061673164e-03,9.095115661621093750e-01,0.000000000000000000e+00
-1.875084042549133301e-01,3.861357644200325012e-02,-2.009579911828041077e-02,-4.099020361900329590e-01,-2.689710259437561035e-02,-9.117329120635986328e-01,0.000000000000000000e+00
-8.016192913055419922e-02,2.039994001388549805e-01,8.632240816950798035e-03,1.509876251220703125e-01,9.845395684242248535e-01,-8.879543095827102661e-02,0.000000000000000000e+00
3.157212734222412109e-01,1.329666525125503540e-01,-1.177531406283378601e-01,1.561546176671981812e-01,9.844712018966674805e-01,-8.020088076591491699e-02,0.000000000000000000e+00
4.784084390848875046e-03,-1.316962391138076782e-01,8.818037062883377075e-02,3.364969193935394287e-01,-8.014477789402008057e-02,9.382678866386413574e-01,0.000000000000000000e+00
-3.397381603717803955e-01,-6.510021537542343140e-02,1.777225136756896973e-01,-9.278703927993774414e-01,1.629452556371688843e-01,3.354181349277496338e-01,0.000000000000000000e+00
3.255054652690887451e-01,-1.734077483415603638e-01,-7.531727105379104614e-02,9.279263019561767578e-01,-2.226715236902236938e-01,-2.989484071731567383e-01,0.000000000000000000e+00
-1.220427677035331726e-01,2.068281769752502441e-01,1.242344677448272705e-01,3.471417725086212158e-01,3.899537771940231323e-02,9.370015859603881836e-01,0.000000000000000000e+00
-1.913308650255203247e-01,1.760867685079574585e-01,1.509686112403869629e-01,3.715359866619110107e-01,3.515763208270072937e-02,9.277526140213012695e-01,0.000000000000000000e+00
-2.927033305168151855e-01,1.137050762772560120e-01,1.940199881792068481e-01,1.792236268520355225e-01,1.066269055008888245e-01,9.780130982398986816e-01,0.000000000000000000e+00
7.576945237815380096e-03,-1.575762331485748291e-01,-8.987808972597122192e-02,-3.825151622295379639e-01,-1.404783278703689575e-01,-9.132075309753417969e-01,0.000000000000000000e+00
1.799849718809127808e-01,-2.232171893119812012e-01,-8.537477999925613403e-02,-1.923812925815582275e-01,-9.770708084106445312e-01,9.122522920370101929e-02,0.000000000000000000e+00
-3.086874485015869141e-01,-1.292137503623962402e-01,1.207858771085739136e-01,-1.450926661491394043e-01,-9.822901487350463867e-01,1.185504496097564697e-01,0.000000000000000000e+00
-6.588371470570564270e-04,-1.067369952797889709e-01,-9.330171346664428711e-02,-3.834795355796813965e-01,-1.009413227438926697e-01,-9.180164933204650879e-01,0.000000000000000000e+00
2.326457649469375610e-01,6.329636275768280029e-02,3.149152500554919243e-03,3.498753905296325684e-01,1.057704389095306396e-01,9.308059811592102051e-01,0.000000000000000000e+00
-1.497247219085693359e-01,1.084893122315406799e-01,-3.770188987255096436e-02,-4.313511550426483154e-01,4.036347195506095886e-02,-9.012807607650756836e-01,0.000000000000000000e+00
-1.903698220849037170e-02,-1.811378002166748047e-01,3.836646303534507751e-02,-1.534497886896133423e-01,-9.832597374916076660e-01,9.825213253498077393e-02,0.000000000000000000e+00
6.153443828225135803e-02,5.834500864148139954e-02,6.865072995424270630e-02,3.394688069820404053e-01,6.251168996095657349e-02,9.385378360748291016e-01,0.000000000000000000e+00
3.244536221027374268e-01,1.046115625649690628e-02,-2.866305224597454071e-02,3.986007273197174072e-01,5.192091315984725952e-02,9.156537055969238281e-01,0.000000000000000000e+00
7.102529704570770264e-02,1.012856722809374332e-03,6.772773712873458862e-02,3.342192471027374268e-01,1.862522587180137634e-02,9.423112869262695312e-01,0.000000000000000000e+00
8.283356577157974243e-02,-1.999325603246688843e-01,-1.043224148452281952e-02,-1.126503571867942810e-01,-9.904896616935729980e-01,7.899425178766250610e-02,0.000000000000000000e+00
-1.895542144775390625e-01,1.118169054388999939e-01,1.516845226287841797e-01,3.624762594699859619e-01,8.026028983294963837e-03,9.319584369659423828e-01,0.000000000000000000e+00
-5.354553461074829102e-02,-3.897980228066444397e-02,-7.611826807260513306e-02,-3.922381699085235596e-01,-4.740624502301216125e-02,-9.186413288116455078e-01,0.000000000000000000e+00
-1.181663349270820618e-01,-1.642175316810607910e-01,5.316065624356269836e-02,-1.792082190513610840e-01,-9.816587567329406738e-01,6.504268199205398560e-02,0.000000000000000000e+00
3.915025666356086731e-02,-1.126294508576393127e-01,7.759169489145278931e-02,3.317097127437591553e-01,-6.971026957035064697e-02,9.408023953437805176e-01,0.000000000000000000e+00
-3.126731216907501221e-01,2.440567165613174438e-01,6.916088610887527466e-02,-2.859929203987121582e-01,9.575330018997192383e-01,3.658739477396011353e-02,0.000000000000000000e+00
-2.723334133625030518e-01,-1.372235715389251709e-01,6.853125989437103271e-02,-1.915806084871292114e-01,-9.786444902420043945e-01,7.451057434082031250e-02,0.000000000000000000e+00
-2.911812067031860352e-01,2.166263610124588013e-01,1.628789305686950684e-01,-9.320737719535827637e-01,1.969570070505142212e-01,3.040499985218048096e-01,0.000000000000000000e+00
-2.413309812545776367e-01,2.418802827596664429e-01,1.414988934993743896e-01,1.563435047864913940e-01,9.871928691864013672e-01,-3.173292055726051331e-02,0.000000000000000000e+00
2.617060951888561249e-02,1.511646360158920288e-01,7.271970808506011963e-02,3.613449931144714355e-01,1.054510623216629028e-01,9.264501333236694336e-01,0.000000000000000000e+00
2.091918736696243286e-01,7.603985816240310669e-02,1.084863487631082535e-02,3.578428030014038086e-01,1.232425719499588013e-01,9.256132245063781738e-01,0.000000000000000000e+00
-6.711147725582122803e-02,2.081098258495330811e-01,8.807378262281417847e-02,1.304698437452316284e-01,9.839282035827636719e-01,-1.219136938452720642e-01,0.000000000000000000e+00
-9.999238699674606323e-02,1.601760983467102051e-01,-5.466049164533615112e-02,-3.836444616317749023e-01,9.989523887634277344e-02,-9.180620312690734863e-01,0.000000000000000000e+00
6.580740958452224731e-02,-2.013889849185943604e-01,-5.989914014935493469e-02,-1.165498048067092896e-01,-9.910584688186645508e-01,6.495603919029235840e-02,0.000000000000000000e+00
2.114024907350540161e-01,-1.305921375751495361e-01,-1.756623536348342896e-01,-3.382545113563537598e-01,-5.834552645683288574e-02,-9.392442107200622559e-01,0.000000000000000000e+00
-5.389447510242462158e-02,1.479082107543945312e-01,-7.303836941719055176e-02,-3.483591973781585693e-01,8.817403763532638550e-02,-9.332048296928405762e-01,0.000000000000000000e+00
1.170470416545867920e-01,1.525521129369735718e-01,3.680186346173286438e-02,3.766261339187622070e-01,1.622461974620819092e-01,9.120465517044067383e-01,0.000000000000000000e+00
-1.753429174423217773e-01,-1.439332813024520874e-01,-1.593148708343505859e-02,-3.754300177097320557e-01,-9.150098264217376709e-02,-9.223231077194213867e-01,0.000000000000000000e+00
1.597398221492767334e-01,7.583193480968475342e-02,3.023668006062507629e-02,3.607088327407836914e-01,1.062871813774108887e-01,9.266024827957153320e-01,0.000000000000000000e+00
-4.251941666007041931e-02,6.612994521856307983e-02,1.045046374201774597e-01,3.167627155780792236e-01,5.177189037203788757e-02,9.470908045768737793e-01,0.000000000000000000e+00
-3.626641929149627686e-01,-9.286944568157196045e-02,1.288211941719055176e-01,-9.023022651672363281e-01,1.406143605709075928e-01,4.075270295143127441e-01,0.000000000000000000e+00
3.649343177676200867e-02,-1.246693879365921021e-01,-1.067261174321174622e-01,-3.796077072620391846e-01,-1.077516153454780579e-01,-9.188512563705444336e-01,0.000000000000000000e+00
-8.860484510660171509e-02,-8.259692788124084473e-02,-5.814893171191215515e-02,-3.919703066349029541e-01,-8.116336911916732788e-02,-9.163905978202819824e-01,0.000000000000000000e+00
2.040290087461471558e-02,9.770658612251281738e-02,8.032058924436569214e-02,3.546755015850067139e-01,7.551442831754684448e-02,9.319350123405456543e-01,0.000000000000000000e+00
1.599332392215728760e-01,4.026680812239646912e-02,3.359259665012359619e-02,3.505905568599700928e-01,8.008384704589843750e-02,9.330984950065612793e-01,0.000000000000000000e+00
5.495384708046913147e-02,-7.341905683279037476e-02,7.357927411794662476e-02,3.286813795566558838e-01,-1.075411401689052582e-02,9.443796277046203613e-01,0.000000000000000000e+00
-2.964389622211456299e-01,2.448944598436355591e-01,6.661500781774520874e-02,1.675713956356048584e-01,9.776398539543151855e-01,-1.270437836647033691e-01,0.000000000000000000e+00
2.935283184051513672e-01,-2.284567058086395264e-01,-1.362550407648086548e-01,9.308110475540161133e-01,-1.933055073022842407e-01,-3.101995885372161865e-01,0.000000000000000000e+00
3.001630119979381561e-02,-6.729091703891754150e-02,-1.095025613903999329e-01,-3.736351430416107178e-01,-5.507911741733551025e-02,-9.259390234947204590e-01,0.000000000000000000e+00
-1.764618009328842163e-01,-5.191165488213300705e-03,-2.390486001968383789e-02,-2.985657155513763428e-01,-6.122228875756263733e-02,-9.524233937263488770e-01,0.000000000000000000e+00
-3.705483302474021912e-02,1.081182509660720825e-01,-8.279794454574584961e-02,-3.555588424205780029e-01,6.343547254800796509e-02,-9.324986934661865234e-01,0.000000000000000000e+00
5.788164585828781128e-02,1.749512851238250732e-01,-8.160313218832015991e-02,1.388893127441406250e-01,9.803711175918579102e-01,-1.399366855621337891e-01,0.000000000000000000e+00
2.966269850730895996e-01,-5.272892862558364868e-02,-1.455833856016397476e-02,3.918996453285217285e-01,1.466764044016599655e-02,9.198910593986511230e-01,0.000000000000000000e+00
-3.712837398052215576e-01,-6.629880517721176147e-02,9.814370423555374146e-02,-9.364206790924072266e-01,1.772925555706024170e-01,3.027930557727813721e-01,0.000000000000000000e+00
3.254619538784027100e-01,-1.910260468721389771e-01,-6.349057704210281372e-02,9.158610701560974121e-01,-2.265662699937820435e-01,-3.314607143402099609e-01,0.000000000000000000e+00
-5.885081365704536438e-03,1.924484372138977051e-01,9.772056364454329014e-05,1.515531539916992188e-01,9.855455756187438965e-01,-7.570722699165344238e-02,0.000000000000000000e+00
5.977394059300422668e-03,-1.302648633718490601e-01,8.787467330694198608e-02,3.364969193935394287e-01,-8.014477789402008057e-02,9.382678866386413574e-01,0.000000000000000000e+00
9.468211978673934937e-02,-7.970313727855682373e-02,-1.345850229263305664e-01,-3.717462718486785889e-01,-6.924241036176681519e-02,-9.257484674453735352e-01,0.000000000000000000e+00
3.199153244495391846e-01,-2.405639970675110817e-04,-1.942594647407531738e-01,8.393292427062988281e-01,-1.860276311635971069e-01,-5.108034014701843262e-01,0.000000000000000000e+00
-1.412325948476791382e-01,2.191017270088195801e-01,6.649761646986007690e-02,1.481451392173767090e-01,9.857502579689025879e-01,-7.968339323997497559e-02,0.000000000000000000e+00
-3.382853567600250244e-01,-1.245773136615753174e-01,1.297639012336730957e-01,-1.406620889902114868e-01,-9.869220852851867676e-01,7.873321324586868286e-02,0.000000000000000000e+00
7.977470010519027710e-02,-1.190570294857025146e-01,-1.249802708625793457e-01,-3.723676800727844238e-01,-1.102997064590454102e-01,-9.215075969696044922e-01,0.000000000000000000e+00
5.587762594223022461e-02,1.334448009729385376e-01,6.360055506229400635e-02,3.506810665130615234e-01,1.204392984509468079e-01,9.287180304527282715e-01,0.000000000000000000e+00
2.766041159629821777e-01,3.208606503903865814e-03,-8.657079190015792847e-03,3.689096570014953613e-01,5.964101478457450867e-02,9.275497794151306152e-01,0.000000000000000000e+00
7.249142229557037354e-02,1.575545072555541992e-01,-1.167842671275138855e-01,-3.266281783580780029e-01,1.539333164691925049e-01,-9.325333833694458008e-01,0.000000000000000000e+00
-1.969126462936401367e-01,2.237660810351371765e-02,-1.530644111335277557e-02,-4.200064837932586670e-01,-2.642730623483657837e-02,-9.071362018585205078e-01,0.000000000000000000e+00
-2.489118278026580811e-01,2.345211952924728394e-01,4.715884849429130554e-02,1.587587147951126099e-01,9.804247021675109863e-01,-1.164607405662536621e-01,0.000000000000000000e+00
8.894614875316619873e-02,5.393170192837715149e-02,5.913357064127922058e-02,3.589292764663696289e-01,5.844990164041519165e-02,9.315328001976013184e-01,0.000000000000000000e+00
1.061813458800315857e-01,1.620659232139587402e-01,3.969236463308334351e-02,3.792150616645812988e-01,1.459598988294601440e-01,9.137240648269653320e-01,0.000000000000000000e+00
-1.048661675304174423e-02,-7.821777835488319397e-03,9.596560895442962646e-02,3.585903644561767578e-01,2.228078059852123260e-02,9.332290887832641602e-01,0.000000000000000000e+00
-3.333085179328918457e-01,-1.067581698298454285e-01,2.097853869199752808e-01,-8.599901199340820312e-01,1.629253476858139038e-01,4.836034476757049561e-01,0.000000000000000000e+00
2.167072296142578125e-01,-1.554155498743057251e-01,-1.755800694227218628e-01,-3.470169901847839355e-01,-8.507006615400314331e-02,-9.339926838874816895e-01,0.000000000000000000e+00
-2.817640602588653564e-01,-6.985767185688018799e-02,1.922066658735275269e-01,4.194383919239044189e-01,-3.580204211175441742e-03,9.077767133712768555e-01,0.000000000000000000e+00
1.251428872346878052e-01,8.138273656368255615e-02,4.315507411956787109e-02,3.613570332527160645e-01,9.464425593614578247e-02,9.276117682456970215e-01,0.000000000000000000e+00
-6.505315005779266357e-02,8.983720839023590088e-02,-7.279179245233535767e-02,-3.678828775882720947e-01,3.709341585636138916e-02,-9.291319847106933594e-01,0.000000000000000000e+00
8.741774410009384155e-02,1.790695935487747192e-01,3.271369263529777527e-02,1.545891761779785156e-01,9.879344105720520020e-01,-9.369217790663242340e-03,0.000000000000000000e+00
-1.915726363658905029e-01,-1.145290210843086243e-01,-1.186640094965696335e-02,-3.897876441478729248e-01,-7.989499717950820923e-02,-9.174324870109558105e-01,0.000000000000000000e+00
-1.944277584552764893e-01,2.262779921293258667e-01,5.352689698338508606e-02,1.902670264244079590e-01,9.763454198837280273e-01,-1.027041301131248474e-01,0.000000000000000000e+00
-6.374581158161163330e-02,-1.277798563241958618e-01,1.133715659379959106e-01,2.701749503612518311e-01,-5.258078128099441528e-02,9.613744020462036133e-01,0.000000000000000000e+00
6.317897140979766846e-02,-1.917769908905029297e-01,4.950722306966781616e-02,-1.017873287200927734e-01,-9.787576794624328613e-01,1.779683828353881836e-01,0.000000000000000000e+00
6.453865021467208862e-02,1.102511659264564514e-01,-1.207361221313476562e-01,-3.414852321147918701e-01,1.123778596520423889e-01,-9.331446886062622070e-01,0.000000000000000000e+00
-3.384066224098205566e-01,1.177979186177253723e-01,9.253203868865966797e-02,-9.273128509521484375e-01,1.952763199806213379e-01,3.193086385726928711e-01,0.000000000000000000e+00
-3.681406974792480469e-01,-2.312616445124149323e-02,7.409540563821792603e-02,-9.742882847785949707e-01,1.754220575094223022e-01,1.413841992616653442e-01,0.000000000000000000e+00
3.505484759807586670e-01,-4.599306732416152954e-03,-4.179367795586585999e-02,5.168399214744567871e-01,-1.054978556931018829e-02,8.560170531272888184e-01,0.000000000000000000e+00
-3.050845563411712646e-01,1.479271799325942993e-01,2.644680626690387726e-02,-3.416140675544738770e-01,-2.273268811404705048e-02,-9.395653605461120605e-01,0.000000000000000000e+00
9.698484092950820923e-02,8.522555977106094360e-02,-1.351049840450286865e-01,-3.337729871273040771e-01,9.120731800794601440e-02,-9.382306933403015137e-01,0.000000000000000000e+00
2.118888497352600098e-01,-2.067138105630874634e-01,5.327917635440826416e-03,3.301905989646911621e-01,-1.569264978170394897e-01,9.307783246040344238e-01,0.000000000000000000e+00
-2.559115588665008545e-01,1.198032200336456299e-01,7.953275926411151886e-03,-3.763754963874816895e-01,-3.070606291294097900e-02,-9.259582161903381348e-01,0.000000000000000000e+00
2.924115657806396484e-01,1.366630345582962036e-01,-1.160880401730537415e-01,1.471894085407257080e-01,9.847495555877685547e-01,-9.275565296411514282e-02,0.000000000000000000e+00
3.142529129981994629e-01,-1.207042485475540161e-01,-1.476550996303558350e-01,9.302084445953369141e-01,-1.912671625614166260e-01,-3.132556080818176270e-01,0.000000000000000000e+00
-1.919964253902435303e-01,2.205400317907333374e-01,3.281914163380861282e-03,1.547034829854965210e-01,9.795180559158325195e-01,-1.288844496011734009e-01,0.000000000000000000e+00
-2.241866290569305420e-01,1.105511933565139771e-01,-5.031224340200424194e-03,-3.712791502475738525e-01,-6.680711638182401657e-03,-9.284972548484802246e-01,0.000000000000000000e+00
-2.173724919557571411e-01,2.260101139545440674e-01,1.683394797146320343e-02,1.266023814678192139e-01,9.825279712677001953e-01,-1.364206522703170776e-01,0.000000000000000000e+00
-1.006052717566490173e-01,2.121682167053222656e-01,6.616147607564926147e-02,1.671488434076309204e-01,9.834114909172058105e-01,-7.044953107833862305e-02,0.000000000000000000e+00
-2.126431167125701904e-01,-2.200212329626083374e-02,-6.846122909337282181e-03,-4.176198840141296387e-01,-2.750681154429912567e-02,-9.082053899765014648e-01,0.000000000000000000e+00
-1.686753034591674805e-01,-1.495273858308792114e-01,1.303566545248031616e-01,-1.651374697685241699e-01,-9.831816554069519043e-01,7.799668610095977783e-02,0.000000000000000000e+00
-1.805141717195510864e-01,-1.018907874822616577e-01,-1.750149205327033997e-02,-3.906064033508300781e-01,-6.637036800384521484e-02,-9.181621074676513672e-01,0.000000000000000000e+00
-3.013599216938018799e-01,2.415701597929000854e-01,3.819914162158966064e-02,1.716594547033309937e-01,9.549598097801208496e-01,-2.420430332422256470e-01,0.000000000000000000e+00
2.463386394083499908e-03,-1.496918946504592896e-01,-8.894901722669601440e-02,-3.825151622295379639e-01,-1.404783278703689575e-01,-9.132075309753417969e-01,0.000000000000000000e+00
2.229939103126525879e-01,-2.301959097385406494e-01,-6.694512814283370972e-02,-1.853891909122467041e-01,-9.728488326072692871e-01,1.385496556758880615e-01,0.000000000000000000e+00
-3.002643585205078125e-01,8.928976021707057953e-03,3.154156729578971863e-02,-4.244042932987213135e-01,-3.760801255702972412e-02,-9.046914577484130859e-01,0.000000000000000000e+00
8.536273241043090820e-02,1.786263883113861084e-01,1.382463425397872925e-02,1.661813110113143921e-01,9.854288697242736816e-01,-3.624550625681877136e-02,0.000000000000000000e+00
-2.967483997344970703e-01,1.258037984371185303e-01,1.896025240421295166e-01,-8.487229943275451660e-01,1.764717996120452881e-01,4.985247850418090820e-01,0.000000000000000000e+00
-2.909397780895233154e-01,-5.980189517140388489e-02,1.964232325553894043e-01,4.110718369483947754e-01,-3.274197224527597427e-03,9.115970730781555176e-01,0.000000000000000000e+00
-2.476327121257781982e-01,2.392356842756271362e-01,9.086778759956359863e-02,1.763485074043273926e-01,9.793848395347595215e-01,-9.852166473865509033e-02,0.000000000000000000e+00
4.986196756362915039e-03,-1.872214972972869873e-01,1.632431894540786743e-02,-1.675852388143539429e-01,-9.819060564041137695e-01,8.817975223064422607e-02,0.000000000000000000e+00
-3.687308728694915771e-01,-1.924440264701843262e-02,5.226068198680877686e-02,-4.420962631702423096e-01,4.055759683251380920e-02,-8.960502147674560547e-01,0.000000000000000000e+00
2.952132225036621094e-01,1.255357265472412109e-01,-1.958918571472167969e-01,5.016667395830154419e-02,9.369663596153259277e-01,-3.457995355129241943e-01,0.000000000000000000e+00
1.601804196834564209e-01,8.112800866365432739e-02,2.947470173239707947e-02,3.649261295795440674e-01,1.024507135152816772e-01,9.253824949264526367e-01,0.000000000000000000e+00
