-1.116980388760566711e-01,-3.583665788173675537e-01,6.793615818023681641e-01,-5.221280455589294434e-01,-7.489292621612548828e-01,4.080285727977752686e-01,0.000000000000000000e+00
-5.030897855758666992e-01,-5.430602431297302246e-01,-1.675483137369155884e-01,-5.261530280113220215e-01,-7.468051910400390625e-01,4.067493081092834473e-01,0.000000000000000000e+00
-1.195445433259010315e-01,-5.653951168060302734e-01,2.831019461154937744e-01,-4.032379984855651855e-01,-8.198134899139404297e-01,4.065771102905273438e-01,0.000000000000000000e+00
1.371471732854843140e-01,6.956139802932739258e-01,5.690437555313110352e-02,5.150967240333557129e-01,7.250742912292480469e-01,-4.571023583412170410e-01,0.000000000000000000e+00
-4.703230857849121094e-01,-9.890908747911453247e-02,7.115332484245300293e-01,-5.343970656394958496e-01,-7.547315359115600586e-01,3.805261254310607910e-01,0.000000000000000000e+00
2.714422047138214111e-01,6.889441609382629395e-01,2.331894487142562866e-01,5.400044918060302734e-01,7.108940482139587402e-01,-4.505826830863952637e-01,0.000000000000000000e+00
-2.818101644515991211e-01,5.852243304252624512e-01,-9.250471740961074829e-02,-7.469922900199890137e-01,6.308453083038330078e-01,2.098493725061416626e-01,0.000000000000000000e+00
-1.607044786214828491e-01,7.461270093917846680e-01,-1.542132347822189331e-01,-6.572989821434020996e-01,7.360816597938537598e-01,1.616842746734619141e-01,0.000000000000000000e+00
-2.018226236104965210e-01,-1.631663925945758820e-02,-5.655561089515686035e-01,-4.191139638423919678e-01,-1.796333640813827515e-01,-8.899861574172973633e-01,0.000000000000000000e+00
-7.725292444229125977e-01,-4.960010573267936707e-02,-3.106124699115753174e-01,-3.405934274196624756e-01,-2.038090229034423828e-01,-9.178550839424133301e-01,0.000000000000000000e+00
1.535016763955354691e-02,3.806518912315368652e-01,5.686507821083068848e-01,3.981902301311492920e-01,1.747781187295913696e-01,9.004982709884643555e-01,0.000000000000000000e+00
5.856710076332092285e-01,-1.708761304616928101e-01,-3.258769810199737549e-01,7.372930645942687988e-01,-6.399528384208679199e-01,-2.164702117443084717e-01,0.000000000000000000e+00
-5.452159643173217773e-01,-1.402618736028671265e-01,5.289608240127563477e-01,-5.325901508331298828e-01,-7.493481040000915527e-01,3.934781849384307861e-01,0.000000000000000000e+00
7.471898198127746582e-02,3.731262385845184326e-01,-6.365974545478820801e-01,5.144919157028198242e-01,7.521930336952209473e-01,-4.117082953453063965e-01,0.000000000000000000e+00
1.274556964635848999e-01,3.545127809047698975e-01,-5.998377203941345215e-01,5.245620608329772949e-01,7.478908300399780273e-01,-4.068094491958618164e-01,0.000000000000000000e+00
2.119067460298538208e-01,3.171985596418380737e-02,5.549455881118774414e-01,4.155641496181488037e-01,2.000703215599060059e-01,8.872870206832885742e-01,0.000000000000000000e+00
3.909465968608856201e-01,-3.403863906860351562e-01,-4.971401691436767578e-01,7.870087623596191406e-01,-5.704378485679626465e-01,-2.349849492311477661e-01,0.000000000000000000e+00
-2.767524123191833496e-01,-1.426034867763519287e-01,7.960935235023498535e-01,1.952092349529266357e-01,-4.505016282200813293e-02,9.797264337539672852e-01,0.000000000000000000e+00
-1.491992622613906860e-01,-7.298889160156250000e-01,-5.053748562932014465e-02,-5.241552591323852539e-01,-7.469055056571960449e-01,4.091374576091766357e-01,0.000000000000000000e+00
-2.696329951286315918e-01,-4.433402419090270996e-01,3.251743614673614502e-01,-5.251959562301635742e-01,-7.462490200996398926e-01,4.090006947517395020e-01,0.000000000000000000e+00
4.150401949882507324e-01,5.158206224441528320e-01,7.798276841640472412e-02,5.051033496856689453e-01,7.830109596252441406e-01,-3.629937767982482910e-01,0.000000000000000000e+00
-8.347862958908081055e-02,5.559035576879978180e-03,-6.230124831199645996e-01,-4.641219079494476318e-01,-2.591251134872436523e-01,-8.470212817192077637e-01,0.000000000000000000e+00
-6.767145991325378418e-01,-1.362359374761581421e-01,3.572317063808441162e-01,-5.415272116661071777e-01,-7.463268041610717773e-01,3.869684934616088867e-01,0.000000000000000000e+00
3.086054027080535889e-01,5.732912421226501465e-01,5.064508691430091858e-02,4.067525863647460938e-01,8.361341953277587891e-01,-3.680107593536376953e-01,0.000000000000000000e+00
-4.435066878795623779e-01,3.244068920612335205e-01,1.236716806888580322e-01,-7.507722973823547363e-01,6.267928481101989746e-01,2.084985822439193726e-01,0.000000000000000000e+00
-1.437004804611206055e-01,-8.069332242012023926e-01,-1.856479048728942871e-01,-5.216403603553771973e-01,-7.516326308250427246e-01,4.036579132080078125e-01,0.000000000000000000e+00
1.868853121995925903e-01,-6.679354906082153320e-01,-2.572586536407470703e-01,7.581250667572021484e-01,-6.232346892356872559e-01,-1.918981671333312988e-01,0.000000000000000000e+00
4.151080846786499023e-01,-2.839694619178771973e-01,-5.566432476043701172e-01,7.498226761817932129e-01,-6.284546256065368652e-01,-2.069075703620910645e-01,0.000000000000000000e+00
-3.585474193096160889e-02,5.821033716201782227e-01,-3.970837295055389404e-01,5.357809662818908691e-01,7.084953784942626953e-01,-4.593180418014526367e-01,0.000000000000000000e+00
1.102371234446763992e-02,-4.597580730915069580e-01,6.484609246253967285e-01,-5.190318822860717773e-01,-7.523955106735229492e-01,4.055944383144378662e-01,0.000000000000000000e+00
1.210399195551872253e-01,-1.318835914134979248e-01,6.316305994987487793e-01,3.850422799587249756e-01,2.031514942646026611e-01,9.002621173858642578e-01,0.000000000000000000e+00
-1.197353899478912354e-01,6.334133148193359375e-01,3.106482028961181641e-01,-7.373089194297790527e-01,6.428620219230651855e-01,2.076150476932525635e-01,0.000000000000000000e+00
3.101018667221069336e-01,-3.631758689880371094e-01,-6.899913549423217773e-01,7.323108315467834473e-01,-4.281660616397857666e-01,-5.295230746269226074e-01,0.000000000000000000e+00
3.878109902143478394e-02,8.115087747573852539e-01,1.521226763725280762e-01,2.803340554237365723e-01,9.130815267562866211e-01,-2.961332798004150391e-01,0.000000000000000000e+00
1.953128278255462646e-01,-5.247275233268737793e-01,-6.169195175170898438e-01,6.365035176277160645e-01,-6.531205773353576660e-01,-4.102399349212646484e-01,0.000000000000000000e+00
-6.464402675628662109e-01,-2.347582429647445679e-01,-3.245496451854705811e-01,-3.897697329521179199e-01,-1.831497102975845337e-01,-9.025163650512695312e-01,0.000000000000000000e+00
5.847207903861999512e-01,3.519268631935119629e-01,3.106754720211029053e-01,4.192553758621215820e-01,1.961925178766250610e-01,8.864160776138305664e-01,0.000000000000000000e+00
1.622488349676132202e-01,2.477844655513763428e-01,5.295985341072082520e-01,3.830856978893280029e-01,2.374248802661895752e-01,8.926784396171569824e-01,0.000000000000000000e+00
-5.624704807996749878e-02,3.444063663482666016e-01,-7.052991986274719238e-01,-4.180300831794738770e-01,-1.724300384521484375e-01,-8.919185400009155273e-01,0.000000000000000000e+00
-2.076508700847625732e-01,2.627434134483337402e-01,6.928609609603881836e-01,3.921405375003814697e-01,1.800297945737838745e-01,9.021170139312744141e-01,0.000000000000000000e+00
1.902109533548355103e-01,5.463422536849975586e-01,4.612356126308441162e-01,4.038944542407989502e-01,1.712989360094070435e-01,8.986244797706604004e-01,0.000000000000000000e+00
5.315530896186828613e-01,-2.241813987493515015e-01,4.599451720714569092e-01,4.258409142494201660e-01,2.079720944166183472e-01,8.805720210075378418e-01,0.000000000000000000e+00
-2.323441207408905029e-01,4.452643692493438721e-01,5.106558799743652344e-01,-7.478856444358825684e-01,6.333889365196228027e-01,1.987096667289733887e-01,0.000000000000000000e+00
-5.274099111557006836e-02,2.860648557543754578e-02,6.402420997619628906e-01,7.018947005271911621e-01,6.982698440551757812e-01,-1.405810266733169556e-01,0.000000000000000000e+00
4.255285561084747314e-01,1.652578562498092651e-01,-5.516943335533142090e-01,5.261843800544738770e-01,7.201828956604003906e-01,-4.521798789501190186e-01,0.000000000000000000e+00
-2.841576039791107178e-01,-2.852719724178314209e-01,5.907390713691711426e-01,-5.470326542854309082e-01,-7.382072210311889648e-01,3.947218954563140869e-01,0.000000000000000000e+00
-3.105242848396301270e-01,3.160431981086730957e-01,-5.746334195137023926e-01,-4.234572052955627441e-01,-1.711261570453643799e-01,-8.896065354347229004e-01,0.000000000000000000e+00
-2.436357289552688599e-01,-1.383063495159149170e-01,-5.213481187820434570e-01,-4.173358678817749023e-01,-1.775452047586441040e-01,-8.912398815155029297e-01,0.000000000000000000e+00
-5.217026472091674805e-01,9.906966984272003174e-02,5.570255517959594727e-01,-7.480565905570983887e-01,6.358616352081298828e-01,1.899771690368652344e-01,0.000000000000000000e+00
6.930829286575317383e-01,3.471079766750335693e-01,1.103659942746162415e-01,5.275828242301940918e-01,7.330267429351806641e-01,-4.293345212936401367e-01,0.000000000000000000e+00
-1.069270726293325424e-02,6.365370154380798340e-01,5.341028571128845215e-01,3.451224565505981445e-01,1.782595217227935791e-01,9.214738607406616211e-01,0.000000000000000000e+00
1.345861852169036865e-01,-4.334246367216110229e-02,6.025760173797607422e-01,3.516258895397186279e-01,1.190918684005737305e-01,9.285345077514648438e-01,0.000000000000000000e+00
-3.418872952461242676e-01,1.500632315874099731e-01,-5.317122340202331543e-01,-3.610446155071258545e-01,-1.791553050279617310e-01,-9.151776432991027832e-01,0.000000000000000000e+00
-3.823682963848114014e-01,6.231964379549026489e-02,8.007123470306396484e-01,4.134792089462280273e-01,1.913739293813705444e-01,8.901746869087219238e-01,0.000000000000000000e+00
3.548137545585632324e-01,6.633074283599853516e-01,3.606539368629455566e-01,6.727510690689086914e-01,6.027688980102539062e-01,4.290404021739959717e-01,0.000000000000000000e+00
3.723830282688140869e-01,2.446358501911163330e-01,-3.958268165588378906e-01,1.394945383071899414e-01,-3.865234255790710449e-01,-9.116693139076232910e-01,0.000000000000000000e+00
-3.179221451282501221e-01,6.446777582168579102e-01,-3.760267496109008789e-01,-7.411103248596191406e-01,6.332331895828247070e-01,2.230947315692901611e-01,0.000000000000000000e+00
-2.186619490385055542e-01,5.232599973678588867e-01,1.769089996814727783e-01,-4.351764321327209473e-01,-1.264950186014175415e-01,8.914148807525634766e-01,0.000000000000000000e+00
3.332317471504211426e-01,-5.847430229187011719e-01,6.488419175148010254e-01,3.901871740818023682e-01,1.955562531948089600e-01,8.997287154197692871e-01,0.000000000000000000e+00
2.496173083782196045e-01,4.295094609260559082e-01,-3.022359013557434082e-01,4.954063594341278076e-01,7.501376271247863770e-01,-4.380252063274383545e-01,0.000000000000000000e+00
-2.500468194484710693e-01,3.291754797101020813e-02,7.482602596282958984e-01,3.844934999942779541e-01,1.875868141651153564e-01,9.038671851158142090e-01,0.000000000000000000e+00
-3.814108073711395264e-01,-6.771050095558166504e-01,-2.561884522438049316e-01,-5.165393352508544922e-01,-7.570095658302307129e-01,4.001545310020446777e-01,0.000000000000000000e+00
-6.396231651306152344e-01,-3.053593337535858154e-01,8.456238359212875366e-02,-5.182154774665832520e-01,-7.642020583152770996e-01,3.839895427227020264e-01,0.000000000000000000e+00
-4.010343551635742188e-01,2.145144194364547729e-01,-5.180293321609497070e-01,-3.978059291839599609e-01,-1.834253668785095215e-01,-8.989469408988952637e-01,0.000000000000000000e+00
6.094006896018981934e-01,-2.728927731513977051e-01,7.443267852067947388e-02,7.377507090568542480e-01,-6.412835121154785156e-01,-2.109013199806213379e-01,0.000000000000000000e+00
-3.537221252918243408e-01,3.821507990360260010e-01,-5.671502351760864258e-01,-4.176532924175262451e-01,-1.719597429037094116e-01,-8.921858668327331543e-01,0.000000000000000000e+00
3.550552427768707275e-01,4.698470532894134521e-01,-9.165862202644348145e-02,5.386457443237304688e-01,7.509315013885498047e-01,-3.820505440235137939e-01,0.000000000000000000e+00
6.711970567703247070e-01,-2.458159476518630981e-01,2.110804617404937744e-01,7.444869875907897949e-01,-6.339541077613830566e-01,-2.093830555677413940e-01,0.000000000000000000e+00
-2.658129036426544189e-01,6.711869835853576660e-01,-5.399729013442993164e-01,5.251958966255187988e-01,7.621927857398986816e-01,-3.784593045711517334e-01,0.000000000000000000e+00
8.327189087867736816e-02,3.592316210269927979e-01,-6.517397165298461914e-01,5.231316089630126953e-01,7.539616227149963379e-01,-3.973350226879119873e-01,0.000000000000000000e+00
-7.726451158523559570e-01,-1.967169046401977539e-01,-2.783315181732177734e-01,-3.738176524639129639e-01,-1.893320083618164062e-01,-9.079723358154296875e-01,0.000000000000000000e+00
3.893931210041046143e-01,2.725263237953186035e-01,4.188951253890991211e-01,4.175897538661956787e-01,1.838858425617218018e-01,8.898341655731201172e-01,0.000000000000000000e+00
2.307288944721221924e-01,7.860994935035705566e-01,3.679308295249938965e-01,6.574537158012390137e-01,7.526132464408874512e-01,3.644053265452384949e-02,0.000000000000000000e+00
-3.800623351708054543e-03,7.199215292930603027e-01,-8.710170537233352661e-02,5.481664538383483887e-01,7.332144379615783691e-01,-4.023805856704711914e-01,0.000000000000000000e+00
-1.300835460424423218e-01,6.589439511299133301e-01,1.975553184747695923e-01,-7.545899152755737305e-01,6.312196254730224609e-01,1.793204993009567261e-01,0.000000000000000000e+00
4.713088274002075195e-01,3.755894256755709648e-03,-7.894057035446166992e-01,5.503659248352050781e-01,7.282948493957519531e-01,-4.082694649696350098e-01,0.000000000000000000e+00
-6.037734150886535645e-01,-3.443465530872344971e-01,-3.154304623603820801e-01,-2.813111543655395508e-01,-2.780886888504028320e-01,-9.184392690658569336e-01,0.000000000000000000e+00
5.348095893859863281e-01,-2.813759446144104004e-01,-1.671025454998016357e-01,7.530856132507324219e-01,-6.226750016212463379e-01,-2.124567925930023193e-01,0.000000000000000000e+00
-7.391741871833801270e-01,1.532477885484695435e-02,-3.980341181159019470e-02,-7.561281919479370117e-01,6.234568953514099121e-01,1.989262700080871582e-01,0.000000000000000000e+00
-8.105213046073913574e-01,-2.391487658023834229e-01,-2.070597745478153229e-02,-5.127103924751281738e-01,-7.667438983917236328e-01,3.863053023815155029e-01,0.000000000000000000e+00
-2.595627307891845703e-01,6.802682876586914062e-01,-2.797198593616485596e-01,-7.454506754875183105e-01,6.294215321540832520e-01,2.193896621465682983e-01,0.000000000000000000e+00
-6.623659729957580566e-01,6.677374243736267090e-02,-3.706153631210327148e-01,-4.091006517410278320e-01,-1.822939962148666382e-01,-8.940948247909545898e-01,0.000000000000000000e+00
5.875425338745117188e-01,-2.295762747526168823e-01,-7.189045846462249756e-02,9.864147901535034180e-01,1.295728385448455811e-01,1.009789928793907166e-01,0.000000000000000000e+00
2.474486380815505981e-01,4.976298809051513672e-01,-2.052623219788074493e-02,-1.809470802545547485e-01,9.084069728851318359e-01,3.769017159938812256e-01,0.000000000000000000e+00
4.035107791423797607e-01,-4.840837121009826660e-01,-1.521735824644565582e-02,7.433526515960693359e-01,-6.391780972480773926e-01,-1.971754282712936401e-01,0.000000000000000000e+00
6.533651947975158691e-01,-1.602367758750915527e-01,-1.265230029821395874e-01,7.384297251701354980e-01,-6.427443027496337891e-01,-2.039639353752136230e-01,0.000000000000000000e+00
4.747504740953445435e-02,-7.298339009284973145e-01,2.010977268218994141e-01,-5.219934582710266113e-01,-7.451862096786499023e-01,4.149944186210632324e-01,0.000000000000000000e+00
-1.550777815282344818e-02,7.866040468215942383e-01,3.030134178698062897e-02,3.875440955162048340e-01,8.869754076004028320e-01,-2.511657178401947021e-01,0.000000000000000000e+00
6.722380518913269043e-01,-9.586464613676071167e-02,3.654394149780273438e-01,4.107369184494018555e-01,1.943807899951934814e-01,8.907924890518188477e-01,0.000000000000000000e+00
-2.907444834709167480e-01,-9.873620420694351196e-02,-5.073008537292480469e-01,-4.224514067173004150e-01,-1.830306351184844971e-01,-8.877131342887878418e-01,0.000000000000000000e+00
-6.981573104858398438e-01,-5.498152598738670349e-02,3.744652569293975830e-01,-7.580212950706481934e-01,6.224028468132019043e-01,1.949832439422607422e-01,0.000000000000000000e+00
-6.024143695831298828e-01,-2.796978056430816650e-01,1.800291538238525391e-01,-5.348436832427978516e-01,-7.507565021514892578e-01,3.876943290233612061e-01,0.000000000000000000e+00
6.830513477325439453e-01,-6.912300735712051392e-02,-2.954696118831634521e-01,7.349579930305480957e-01,-6.437467932701110840e-01,-2.131357640027999878e-01,0.000000000000000000e+00
-1.544051319360733032e-01,-3.904926776885986328e-02,7.221507430076599121e-01,3.922184109687805176e-01,1.982052326202392578e-01,8.982646465301513672e-01,0.000000000000000000e+00
-1.751994937658309937e-01,7.424087524414062500e-01,-1.975905597209930420e-01,-6.191574335098266602e-01,7.694361209869384766e-01,1.568823903799057007e-01,0.000000000000000000e+00
-5.486699193716049194e-02,6.227799057960510254e-01,-3.432558178901672363e-01,5.651285052299499512e-01,7.252496480941772461e-01,-3.932464122772216797e-01,0.000000000000000000e+00
4.676062464714050293e-01,1.704749017953872681e-01,-4.811486303806304932e-01,4.616591632366180420e-01,7.437077760696411133e-01,-4.834972321987152100e-01,0.000000000000000000e+00
8.600828051567077637e-02,-5.848939344286918640e-02,6.303137540817260742e-01,3.869788050651550293e-01,1.966233253479003906e-01,9.008810520172119141e-01,0.000000000000000000e+00
-1.807923614978790283e-01,-1.023451760411262512e-01,7.477643489837646484e-01,3.770234882831573486e-01,1.935202330350875854e-01,9.057611227035522461e-01,0.000000000000000000e+00
-2.535779476165771484e-01,-3.355016708374023438e-01,-4.702154695987701416e-01,-4.888220429420471191e-01,-4.957061111927032471e-01,-7.178638577461242676e-01,0.000000000000000000e+00
1.545330435037612915e-01,-7.590278983116149902e-01,2.834565639495849609e-01,-5.247755646705627441e-01,-7.400081157684326172e-01,4.207120537757873535e-01,0.000000000000000000e+00
3.524612635374069214e-02,-4.621521234512329102e-01,6.740293502807617188e-01,-4.744028747081756592e-01,-7.983885407447814941e-01,3.708336949348449707e-01,0.000000000000000000e+00
2.002315782010555267e-02,2.693263888359069824e-01,5.894649028778076172e-01,4.009822010993957520e-01,1.841713935136795044e-01,8.973818421363830566e-01,0.000000000000000000e+00
-5.218790769577026367e-01,2.594585418701171875e-01,3.734341263771057129e-02,-7.543425559997558594e-01,6.244289875030517578e-01,2.026221454143524170e-01,0.000000000000000000e+00
-9.867706894874572754e-02,8.321207016706466675e-02,6.718201637268066406e-01,3.858850300312042236e-01,1.847947090864181519e-01,9.038493633270263672e-01,0.000000000000000000e+00
-1.187832579016685486e-01,-1.657223850488662720e-01,7.449667453765869141e-01,3.940344452857971191e-01,2.138204127550125122e-01,8.938778638839721680e-01,0.000000000000000000e+00
2.942558825016021729e-01,3.828080296516418457e-01,-3.302428424358367920e-01,5.527421832084655762e-01,7.340852022171020508e-01,-3.944553136825561523e-01,0.000000000000000000e+00
6.604669690132141113e-01,-2.277681231498718262e-01,1.184144765138626099e-01,7.460764050483703613e-01,-6.321119666099548340e-01,-2.092951983213424683e-01,0.000000000000000000e+00
-2.512188553810119629e-01,3.959904611110687256e-01,-6.184101700782775879e-01,-4.251816570758819580e-01,-1.722628474235534668e-01,-8.885640501976013184e-01,0.000000000000000000e+00
-2.438074350357055664e-02,-8.811709880828857422e-01,-3.959541916847229004e-01,6.041753292083740234e-01,-6.728080511093139648e-01,-4.269678592681884766e-01,0.000000000000000000e+00
5.991413071751594543e-02,3.052466362714767456e-02,6.173173189163208008e-01,-1.549507975578308105e-01,4.849649500101804733e-03,9.879102706909179688e-01,0.000000000000000000e+00
8.174724578857421875e-01,2.400440126657485962e-01,2.133421450853347778e-01,4.011240005493164062e-01,2.134776860475540161e-01,8.908011913299560547e-01,0.000000000000000000e+00
-1.518515795469284058e-01,-1.245491877198219299e-01,-5.671139955520629883e-01,-4.153214097023010254e-01,-1.864647120237350464e-01,-8.903589248657226562e-01,0.000000000000000000e+00
6.171015501022338867e-01,-1.273963302373886108e-01,-3.476891815662384033e-01,7.354135513305664062e-01,-6.416227221488952637e-01,-2.179155498743057251e-01,0.000000000000000000e+00
-7.105280160903930664e-01,-1.508798450231552124e-01,2.818960249423980713e-01,-5.389046072959899902e-01,-7.476825714111328125e-01,3.880110979080200195e-01,0.000000000000000000e+00
-7.276386618614196777e-01,-3.737499415874481201e-01,-1.732388287782669067e-01,-5.255388617515563965e-01,-7.601835727691650391e-01,3.820076584815979004e-01,0.000000000000000000e+00
4.226078093051910400e-01,2.920718789100646973e-01,3.992622494697570801e-01,4.198930561542510986e-01,1.839669048786163330e-01,8.887327909469604492e-01,0.000000000000000000e+00
8.135963976383209229e-02,8.382913470268249512e-01,2.750099599361419678e-01,1.589052379131317139e-01,9.523420333862304688e-01,-2.603724598884582520e-01,0.000000000000000000e+00
-8.066658973693847656e-01,-2.019572257995605469e-01,-2.632942497730255127e-01,-3.693960309028625488e-01,-1.949438303709030151e-01,-9.085942506790161133e-01,0.000000000000000000e+00
-1.829366534948348999e-01,-4.090634882450103760e-01,4.927079081535339355e-01,-5.222108364105224609e-01,-7.495712041854858398e-01,4.067417085170745850e-01,0.000000000000000000e+00
-2.521769106388092041e-01,-5.178188681602478027e-01,2.099648267030715942e-01,-5.236087441444396973e-01,-7.513876557350158691e-01,4.015600383281707764e-01,0.000000000000000000e+00
-2.029645889997482300e-01,6.529527306556701660e-01,-2.191655524075031281e-02,-7.427119612693786621e-01,6.326013803482055664e-01,2.195323258638381958e-01,0.000000000000000000e+00
4.656169414520263672e-01,5.123053193092346191e-01,1.374479830265045166e-01,5.112677216529846191e-01,7.545204758644104004e-01,-4.114659130573272705e-01,0.000000000000000000e+00
4.716348350048065186e-01,-3.174822032451629639e-02,4.456152617931365967e-01,4.220876395702362061e-01,1.973466277122497559e-01,8.848142623901367188e-01,0.000000000000000000e+00
1.528161317110061646e-01,-2.410713881254196167e-01,6.429536938667297363e-01,3.982813954353332520e-01,2.152518332004547119e-01,8.916493654251098633e-01,0.000000000000000000e+00
-1.416402012109756470e-01,-4.114636182785034180e-01,-4.909045100212097168e-01,-9.899121522903442383e-01,-1.412929147481918335e-01,-1.049908250570297241e-02,0.000000000000000000e+00
-3.212332725524902344e-01,2.047633230686187744e-01,7.432868480682373047e-01,3.885430693626403809e-01,1.837784200906753540e-01,9.029173851013183594e-01,0.000000000000000000e+00
6.032859906554222107e-02,6.711830198764801025e-02,-7.039172649383544922e-01,-4.262197613716125488e-01,-1.894363015890121460e-01,-8.845623731613159180e-01,0.000000000000000000e+00
3.640705719590187073e-02,-7.963072657585144043e-01,6.898207962512969971e-02,-5.275338888168334961e-01,-7.381135225296020508e-01,4.205905497074127197e-01,0.000000000000000000e+00
-4.538480043411254883e-01,-1.024304330348968506e-01,-3.872583508491516113e-01,1.333480477333068848e-01,-9.730985760688781738e-01,-1.878761053085327148e-01,0.000000000000000000e+00
-1.148802787065505981e-01,5.419934391975402832e-01,-5.796422958374023438e-01,5.140944719314575195e-01,7.515137195587158203e-01,-4.134416878223419189e-01,0.000000000000000000e+00
-1.442942321300506592e-01,-4.196029007434844971e-01,5.229253172874450684e-01,-5.265784859657287598e-01,-7.472603917121887207e-01,4.053603112697601318e-01,0.000000000000000000e+00
1.215427890419960022e-01,5.273227766156196594e-02,5.914399623870849609e-01,4.006883800029754639e-01,1.896632313728332520e-01,8.963686227798461914e-01,0.000000000000000000e+00
-3.055452406406402588e-01,-7.058296799659729004e-01,-2.061734199523925781e-01,-5.241398215293884277e-01,-7.490131855010986328e-01,4.052858948707580566e-01,0.000000000000000000e+00
-3.415423333644866943e-01,2.514480054378509521e-01,7.210217118263244629e-01,-5.248590111732482910e-01,6.594746708869934082e-01,5.381600260734558105e-01,0.000000000000000000e+00
-8.292308449745178223e-02,2.630150318145751953e-01,6.368876695632934570e-01,4.045662879943847656e-01,1.831845194101333618e-01,8.959740996360778809e-01,0.000000000000000000e+00
-5.239856839179992676e-01,1.443069726228713989e-01,3.912772834300994873e-01,-6.958210468292236328e-01,6.521881222724914551e-01,3.008051812648773193e-01,0.000000000000000000e+00
-3.591109067201614380e-02,-4.878458380699157715e-01,5.362964272499084473e-01,-5.049551129341125488e-01,-7.696233987808227539e-01,3.907687067985534668e-01,0.000000000000000000e+00
5.151166915893554688e-01,-4.304006397724151611e-01,2.152937352657318115e-01,7.413526177406311035e-01,-6.361078619956970215e-01,-2.139231115579605103e-01,0.000000000000000000e+00
-3.539844453334808350e-01,3.336688876152038574e-01,4.171422123908996582e-01,-7.424505949020385742e-01,6.363015770912170410e-01,2.094932794570922852e-01,0.000000000000000000e+00
-4.500968158245086670e-01,-4.042251110076904297e-01,-3.661022484302520752e-01,-3.933088481426239014e-01,-2.129939794540405273e-01,-8.943945765495300293e-01,0.000000000000000000e+00
6.819515824317932129e-01,1.604904048144817352e-02,-4.670781493186950684e-01,8.513724803924560547e-01,2.397423684597015381e-01,-4.665710330009460449e-01,0.000000000000000000e+00
-1.688875555992126465e-01,-6.303920149803161621e-01,-4.332036077976226807e-01,-3.974975645542144775e-01,-2.119065821170806885e-01,-8.927996754646301270e-01,0.000000000000000000e+00
6.257562637329101562e-01,3.801914751529693604e-01,1.002269089221954346e-01,5.166345238685607910e-01,7.106308937072753906e-01,-4.775902926921844482e-01,0.000000000000000000e+00
1.945876926183700562e-01,5.504370927810668945e-01,-1.398611664772033691e-01,5.922158360481262207e-01,6.808240413665771484e-01,-4.309977293014526367e-01,0.000000000000000000e+00
4.188722074031829834e-01,-7.372219860553741455e-02,-8.541657924652099609e-01,-4.353708326816558838e-01,-1.857818961143493652e-01,-8.808730244636535645e-01,0.000000000000000000e+00
5.948497056961059570e-01,1.544203609228134155e-01,-3.528663814067840576e-01,5.092419981956481934e-01,7.564393281936645508e-01,-4.104535281658172607e-01,0.000000000000000000e+00
7.183223366737365723e-01,-4.842808470129966736e-02,3.262131810188293457e-01,4.110473692417144775e-01,1.807192414999008179e-01,8.935214877128601074e-01,0.000000000000000000e+00
-3.090300858020782471e-01,-2.651790380477905273e-01,4.289315342903137207e-01,-7.407563328742980957e-01,-6.456878185272216797e-01,-1.853842884302139282e-01,0.000000000000000000e+00
1.626792401075363159e-01,3.682996034622192383e-01,4.545196890830993652e-01,7.082476615905761719e-01,-6.032643914222717285e-01,3.666842281818389893e-01,0.000000000000000000e+00
-1.416571065783500671e-02,-5.774500966072082520e-01,3.825442790985107422e-01,-7.214344739913940430e-01,-6.747766137123107910e-01,1.555917114019393921e-01,0.000000000000000000e+00
-5.795642137527465820e-01,2.971943616867065430e-01,-2.822649180889129639e-01,-7.451786994934082031e-01,6.310431361198425293e-01,2.156229615211486816e-01,0.000000000000000000e+00
-4.728018306195735931e-03,6.592991948127746582e-01,-2.091883271932601929e-01,5.385975837707519531e-01,7.280206084251403809e-01,-4.241445660591125488e-01,0.000000000000000000e+00
3.802231550216674805e-01,5.972266793251037598e-01,1.873858273029327393e-01,5.054509639739990234e-01,7.521801590919494629e-01,-4.227816164493560791e-01,0.000000000000000000e+00
-1.209196299314498901e-01,-2.104465514421463013e-01,-5.633702874183654785e-01,-4.004911184310913086e-01,-1.920723766088485718e-01,-8.959436416625976562e-01,0.000000000000000000e+00
-6.331433653831481934e-01,-3.585850894451141357e-01,-1.175697799772024155e-02,-5.287176370620727539e-01,-7.555873990058898926e-01,3.867109715938568115e-01,0.000000000000000000e+00
1.181486397981643677e-01,3.776157200336456299e-01,-5.703755617141723633e-01,5.017671585083007812e-01,7.660210132598876953e-01,-4.017978906631469727e-01,0.000000000000000000e+00
6.478159427642822266e-01,-7.395299524068832397e-02,3.719188868999481201e-01,4.107369184494018555e-01,1.943807899951934814e-01,8.907924890518188477e-01,0.000000000000000000e+00
-5.350551605224609375e-01,-4.664674699306488037e-01,-6.729074567556381226e-02,-5.335833430290222168e-01,-7.403734922409057617e-01,4.088225960731506348e-01,0.000000000000000000e+00
-2.574311196804046631e-01,3.056132607161998749e-02,7.518904805183410645e-01,3.844934999942779541e-01,1.875868141651153564e-01,9.038671851158142090e-01,0.000000000000000000e+00
6.159721016883850098e-01,4.128391146659851074e-01,2.839066088199615479e-01,4.089241623878479004e-01,1.771854907274246216e-01,8.952018618583679199e-01,0.000000000000000000e+00
4.529882967472076416e-01,-2.549335062503814697e-01,-4.220210611820220947e-01,1.758196055889129639e-01,-6.202803254127502441e-01,7.644212245941162109e-01,0.000000000000000000e+00
-1.115401089191436768e-01,-2.546806633472442627e-01,-5.569948554039001465e-01,-3.366188704967498779e-01,-2.518129646778106689e-01,-9.073466658592224121e-01,0.000000000000000000e+00
5.951713919639587402e-01,3.765451014041900635e-01,5.612497404217720032e-02,5.022462010383605957e-01,7.366627454757690430e-01,-4.528539478778839111e-01,0.000000000000000000e+00
6.032361388206481934e-01,-3.933452367782592773e-01,4.253766536712646484e-01,8.352470397949218750e-01,-5.428966283798217773e-01,8.732511848211288452e-02,0.000000000000000000e+00
4.883424341678619385e-01,-3.218768239021301270e-01,-2.115474194288253784e-01,7.433370947837829590e-01,-6.334875822067260742e-01,-2.148102074861526489e-01,0.000000000000000000e+00
-4.850558042526245117e-01,1.204513944685459137e-02,-4.394501745700836182e-01,-4.068273007869720459e-01,-1.712790280580520630e-01,-8.973042964935302734e-01,0.000000000000000000e+00
-2.450507283210754395e-01,7.165356278419494629e-01,-3.714585900306701660e-01,-3.739697039127349854e-01,9.263149499893188477e-01,-4.568723589181900024e-02,0.000000000000000000e+00
-5.270348191261291504e-01,-2.333982437849044800e-01,3.741379380226135254e-01,-5.346171855926513672e-01,-7.510190606117248535e-01,3.874981701374053955e-01,0.000000000000000000e+00
8.406130671501159668e-01,-4.834745824337005615e-02,1.919892132282257080e-01,7.503888010978698730e-01,-6.223812699317932129e-01,-2.226167023181915283e-01,0.000000000000000000e+00
1.964442431926727295e-01,-5.895359516143798828e-01,6.374542117118835449e-01,-5.291104316711425781e-01,-7.449359297752380371e-01,4.063404798507690430e-01,0.000000000000000000e+00
4.275377392768859863e-01,-4.880984127521514893e-01,5.814111232757568359e-01,4.039418995380401611e-01,2.416719347238540649e-01,8.822843432426452637e-01,0.000000000000000000e+00
3.611268699169158936e-01,-1.777712255716323853e-01,-8.033369779586791992e-01,-4.451913535594940186e-01,-1.933954358100891113e-01,-8.743013739585876465e-01,0.000000000000000000e+00
4.506952166557312012e-01,-2.690409123897552490e-01,-4.318662881851196289e-01,4.149668514728546143e-01,-7.517457008361816406e-01,5.125240683555603027e-01,0.000000000000000000e+00
5.780334472656250000e-01,-2.427490055561065674e-01,-1.160392835736274719e-01,8.214528560638427734e-01,-5.272506475448608398e-01,-2.173061221837997437e-01,0.000000000000000000e+00
6.466743350028991699e-01,1.654713898897171021e-01,-2.694434821605682373e-01,5.365145206451416016e-01,7.378027439117431641e-01,-4.096331000328063965e-01,0.000000000000000000e+00
4.937171563506126404e-02,3.984735608100891113e-01,-6.215544939041137695e-01,5.392042994499206543e-01,7.534136176109313965e-01,-3.763331472873687744e-01,0.000000000000000000e+00
4.955834150314331055e-01,3.111963570117950439e-01,-1.219917610287666321e-01,8.496385216712951660e-01,-1.661210209131240845e-01,5.005179643630981445e-01,0.000000000000000000e+00
-4.709210395812988281e-01,-4.727531373500823975e-01,4.437489435076713562e-03,-5.291232466697692871e-01,-7.494771480560302734e-01,3.978851735591888428e-01,0.000000000000000000e+00
3.201691508293151855e-01,-2.614790201187133789e-01,5.730499029159545898e-01,4.185957908630371094e-01,2.051993608474731445e-01,8.846868276596069336e-01,0.000000000000000000e+00
9.778127819299697876e-02,7.149766683578491211e-01,4.641463980078697205e-02,5.217451453208923340e-01,7.267295122146606445e-01,-4.468178451061248779e-01,0.000000000000000000e+00
-6.548636592924594879e-03,7.429423928260803223e-01,3.743056058883666992e-01,-7.474218010902404785e-01,6.321392059326171875e-01,2.043541669845581055e-01,0.000000000000000000e+00
-5.132277607917785645e-01,-5.427487492561340332e-01,-1.800904422998428345e-01,-5.261530280113220215e-01,-7.468051910400390625e-01,4.067493081092834473e-01,0.000000000000000000e+00
6.722064018249511719e-01,2.883075773715972900e-01,-1.562589220702648163e-02,5.261280536651611328e-01,7.241932153701782227e-01,-4.457953870296478271e-01,0.000000000000000000e+00
-2.024971842765808105e-01,-1.635865569114685059e-01,7.697191834449768066e-01,3.921622037887573242e-01,1.649918258190155029e-01,9.049787521362304688e-01,0.000000000000000000e+00
1.154744923114776611e-01,7.336858659982681274e-02,-7.304154038429260254e-01,-4.120906293392181396e-01,-1.967230886220932007e-01,-8.896523714065551758e-01,0.000000000000000000e+00
-3.344355225563049316e-01,-2.854027450084686279e-01,5.170261263847351074e-01,-5.810977816581726074e-01,-8.023642897605895996e-01,1.361505687236785889e-01,0.000000000000000000e+00
-2.790490388870239258e-01,3.331437334418296814e-02,-5.392998456954956055e-01,-4.297163188457489014e-01,-1.706103533506393433e-01,-8.866994976997375488e-01,0.000000000000000000e+00
-3.332183659076690674e-01,5.737367272377014160e-01,-6.152371168136596680e-01,-4.287768602371215820e-01,-1.874536722898483276e-01,-8.837485909461975098e-01,0.000000000000000000e+00
2.637214772403240204e-02,-5.936351418495178223e-01,-5.328878164291381836e-01,-6.231423020362854004e-01,-6.097216606140136719e-01,-4.898297190666198730e-01,0.000000000000000000e+00
-3.850046396255493164e-01,-2.556748986244201660e-01,5.253324508666992188e-01,-5.348823070526123047e-01,-7.622882127761840820e-01,3.644415736198425293e-01,0.000000000000000000e+00
-6.338443756103515625e-01,2.049845270812511444e-02,3.772794604301452637e-01,-7.502953410148620605e-01,6.362707018852233887e-01,1.794893443584442139e-01,0.000000000000000000e+00
4.455476701259613037e-01,4.832458496093750000e-01,5.699276924133300781e-02,5.196243524551391602e-01,7.337288856506347656e-01,-4.377584755420684814e-01,0.000000000000000000e+00
5.558073520660400391e-01,-3.644376099109649658e-01,1.613246053457260132e-01,7.453611493110656738e-01,-6.332448124885559082e-01,-2.084171622991561890e-01,0.000000000000000000e+00
-4.222888350486755371e-01,3.616178035736083984e-01,8.618503808975219727e-02,-7.432168722152709961e-01,6.366506814956665039e-01,2.056809514760971069e-01,0.000000000000000000e+00
6.070026755332946777e-01,2.886150404810905457e-02,3.607069253921508789e-01,3.905387818813323975e-01,1.603939533233642578e-01,9.065060615539550781e-01,0.000000000000000000e+00
-1.021402701735496521e-01,2.451198101043701172e-01,-6.630950570106506348e-01,-4.231225252151489258e-01,-1.767771393060684204e-01,-8.886603116989135742e-01,0.000000000000000000e+00
-2.850352227687835693e-01,6.903516054153442383e-01,-5.103511214256286621e-01,3.539811447262763977e-02,9.862064123153686523e-01,-1.616906076669692993e-01,0.000000000000000000e+00
-1.059705764055252075e-02,4.790270030498504639e-01,-5.568477511405944824e-01,6.620846986770629883e-01,6.371334195137023926e-01,-3.945945203304290771e-01,0.000000000000000000e+00
-2.670372426509857178e-01,6.544635891914367676e-01,-2.411896288394927979e-01,-7.044709920883178711e-01,6.401349306106567383e-01,3.065092563629150391e-01,0.000000000000000000e+00
-1.390110850334167480e-01,4.035770595073699951e-01,6.336035728454589844e-01,4.068851768970489502e-01,1.859167069196701050e-01,8.943597674369812012e-01,0.000000000000000000e+00
7.112197875976562500e-01,-1.079339087009429932e-01,-7.013604044914245605e-02,7.213291525840759277e-01,-6.483007073402404785e-01,-2.437014430761337280e-01,0.000000000000000000e+00
-2.458030916750431061e-02,6.510626077651977539e-01,-2.538105249404907227e-01,5.052608251571655273e-01,7.851486802101135254e-01,-3.581244051456451416e-01,0.000000000000000000e+00
6.542569398880004883e-01,3.363668918609619141e-01,2.766685485839843750e-01,5.830896496772766113e-01,4.638298414647579193e-03,8.123945593833923340e-01,0.000000000000000000e+00
7.384240627288818359e-01,-1.725045740604400635e-01,2.295858412981033325e-01,7.541977763175964355e-01,-6.138596534729003906e-01,-2.331566065549850464e-01,0.000000000000000000e+00
-4.106546342372894287e-01,-1.243078187108039856e-01,-4.446964263916015625e-01,-4.745407700538635254e-01,-1.393291056156158447e-01,-8.691366314888000488e-01,0.000000000000000000e+00
-1.400315016508102417e-01,7.042321562767028809e-01,4.235869646072387695e-02,-7.402124404907226562e-01,6.376428008079528809e-01,2.133007794618606567e-01,0.000000000000000000e+00
5.188807249069213867e-01,6.034845486283302307e-02,-6.256633400917053223e-01,5.196832418441772461e-01,7.433261275291442871e-01,-4.211835861206054688e-01,0.000000000000000000e+00
1.648584455251693726e-01,8.005899786949157715e-01,2.985288202762603760e-01,5.697450041770935059e-01,7.117249965667724609e-01,-4.108991324901580811e-01,0.000000000000000000e+00
8.173198699951171875e-01,-3.434497117996215820e-02,7.449934631586074829e-02,7.370609641075134277e-01,-6.416994929313659668e-01,-2.120445966720581055e-01,0.000000000000000000e+00
5.266313552856445312e-01,-2.177515774965286255e-01,-3.876039683818817139e-01,7.208167910575866699e-01,-6.518224477767944336e-01,-2.356919348239898682e-01,0.000000000000000000e+00
3.449735641479492188e-01,-5.337285995483398438e-01,6.309685111045837402e-01,3.903250396251678467e-01,2.385381162166595459e-01,8.892389535903930664e-01,0.000000000000000000e+00
2.323300093412399292e-01,-2.560428380966186523e-01,6.104011535644531250e-01,3.656695187091827393e-01,2.129107564687728882e-01,9.060655832290649414e-01,0.000000000000000000e+00
-7.687080502510070801e-01,-4.738072305917739868e-02,4.519691690802574158e-02,-7.518804669380187988e-01,6.307449936866760254e-01,1.919284015893936157e-01,0.000000000000000000e+00
6.775323152542114258e-01,2.162450402975082397e-01,-1.377274543046951294e-01,5.447788238525390625e-01,6.949664354324340820e-01,-4.692948460578918457e-01,0.000000000000000000e+00
-4.854667484760284424e-01,4.368653893470764160e-01,-5.149065852165222168e-01,-6.049601435661315918e-01,-1.133974734693765640e-02,-7.961750030517578125e-01,0.000000000000000000e+00
-6.162463426589965820e-01,-1.448885500431060791e-01,-3.565529584884643555e-01,-3.888554275035858154e-01,-1.950248777866363525e-01,-9.004203081130981445e-01,0.000000000000000000e+00
-4.065820872783660889e-01,3.180074393749237061e-01,2.720950543880462646e-01,-7.515455484390258789e-01,6.240586042404174805e-01,2.138461768627166748e-01,0.000000000000000000e+00
-3.187930881977081299e-01,5.455485582351684570e-01,-6.162427663803100586e-01,-4.243023097515106201e-01,-1.979743987321853638e-01,-8.836140036582946777e-01,0.000000000000000000e+00
-3.430715203285217285e-01,-4.266252219676971436e-01,2.613899707794189453e-01,-5.218613147735595703e-01,-7.504701614379882812e-01,4.055309295654296875e-01,0.000000000000000000e+00
-3.087468147277832031e-01,5.354461073875427246e-01,-3.879990801215171814e-02,-7.490530014038085938e-01,6.278703808784484863e-01,2.114198952913284302e-01,0.000000000000000000e+00
3.504626154899597168e-01,-4.091659188270568848e-01,-4.360954761505126953e-01,7.448799014091491699e-01,-6.325268149375915527e-01,-2.122822552919387817e-01,0.000000000000000000e+00
4.883600864559412003e-03,-6.894409060478210449e-01,2.199223488569259644e-01,-5.231053829193115234e-01,-7.441299557685852051e-01,4.154893457889556885e-01,0.000000000000000000e+00
4.704781174659729004e-01,-2.003272771835327148e-01,-6.135463118553161621e-01,7.443994283676147461e-01,-6.338524818420410156e-01,-2.100012898445129395e-01,0.000000000000000000e+00
1.862824261188507080e-01,-6.040579676628112793e-01,-4.335542023181915283e-01,7.296476364135742188e-01,-6.551350355148315430e-01,-1.959907114505767822e-01,0.000000000000000000e+00
-4.480593204498291016e-01,2.210417985916137695e-01,-4.984408318996429443e-01,-4.083762764930725098e-01,-1.842067986726760864e-01,-8.940339088439941406e-01,0.000000000000000000e+00
2.088751494884490967e-01,-7.288513779640197754e-01,4.008215367794036865e-01,-5.044192671775817871e-01,-7.484560012817382812e-01,4.305517971515655518e-01,0.000000000000000000e+00
5.386214852333068848e-01,-4.486361443996429443e-01,4.109325110912322998e-01,7.630339860916137695e-01,-6.141438484191894531e-01,-2.015103846788406372e-01,0.000000000000000000e+00
6.595544219017028809e-01,-2.556707859039306641e-01,1.995212733745574951e-01,7.444869875907897949e-01,-6.339541077613830566e-01,-2.093830555677413940e-01,0.000000000000000000e+00
1.150378584861755371e-02,7.807588577270507812e-01,3.252239823341369629e-01,-7.512710690498352051e-01,6.248718500137329102e-01,2.124309390783309937e-01,0.000000000000000000e+00
-6.926035881042480469e-01,1.088289767503738403e-01,-1.571500301361083984e-01,-7.559061050415039062e-01,6.255122423171997070e-01,1.932366788387298584e-01,0.000000000000000000e+00
2.132664322853088379e-01,-5.371053814888000488e-01,-5.411967635154724121e-01,7.467083930969238281e-01,-6.311020255088806152e-01,-2.100876718759536743e-01,0.000000000000000000e+00
-1.284430176019668579e-01,3.950709849596023560e-02,6.936941146850585938e-01,4.021925032138824463e-01,1.925408840179443359e-01,8.950805664062500000e-01,0.000000000000000000e+00
-3.616156429052352905e-02,-9.149293601512908936e-02,6.915253996849060059e-01,3.990043997764587402e-01,2.147235125303268433e-01,8.914535045623779297e-01,0.000000000000000000e+00
-6.883329749107360840e-01,-2.369421534240245819e-02,-3.520649671554565430e-01,-3.676486015319824219e-01,-1.396982818841934204e-01,-9.194122552871704102e-01,0.000000000000000000e+00
-1.428591758012771606e-01,5.059361457824707031e-01,-6.650241017341613770e-01,2.824597954750061035e-01,5.675182342529296875e-01,-7.733948230743408203e-01,0.000000000000000000e+00
-6.219322085380554199e-01,1.796733140945434570e-01,-7.978541404008865356e-02,-7.524280548095703125e-01,6.260997056961059570e-01,2.045755088329315186e-01,0.000000000000000000e+00
3.635331690311431885e-01,1.910789161920547485e-01,-3.997394740581512451e-01,-5.254102945327758789e-01,2.507726252079010010e-01,-8.130542039871215820e-01,0.000000000000000000e+00
-5.918293818831443787e-02,7.790769338607788086e-01,-3.280515596270561218e-02,1.431618332862854004e-01,9.658640623092651367e-01,-2.158965915441513062e-01,0.000000000000000000e+00
-1.574241071939468384e-01,-8.797119855880737305e-01,-3.408054411411285400e-01,-6.420705914497375488e-01,-7.601497173309326172e-01,9.958793222904205322e-02,0.000000000000000000e+00
6.784653067588806152e-01,2.877869307994842529e-01,-9.540673345327377319e-03,4.914930164813995361e-01,7.391982078552246094e-01,-4.604569971561431885e-01,0.000000000000000000e+00
-1.600701957941055298e-01,5.225201249122619629e-01,5.350942015647888184e-01,-7.427839040756225586e-01,6.394553780555725098e-01,1.984159499406814575e-01,0.000000000000000000e+00
3.599269092082977295e-01,-3.700574636459350586e-01,-5.223256945610046387e-01,7.413538694381713867e-01,-6.388785839080810547e-01,-2.054959535598754883e-01,0.000000000000000000e+00
-5.831128358840942383e-01,2.148488312959671021e-01,-4.725155606865882874e-02,-7.247813344001770020e-01,6.369030475616455078e-01,2.627671062946319580e-01,0.000000000000000000e+00
2.137932777404785156e-01,-6.539930701255798340e-01,-1.836503744125366211e-01,8.293131589889526367e-01,-5.470339059829711914e-01,-1.139895692467689514e-01,0.000000000000000000e+00
3.505021333694458008e-01,1.079514622688293457e-01,4.734568297863006592e-01,4.113867580890655518e-01,1.916221082210540771e-01,8.910902738571166992e-01,0.000000000000000000e+00
-1.495951712131500244e-01,7.042605280876159668e-01,1.010771747678518295e-02,-7.412594556808471680e-01,6.338211297988891602e-01,2.209190577268600464e-01,0.000000000000000000e+00
1.312970556318759918e-02,-8.883979916572570801e-01,-2.121775150299072266e-01,5.160912275314331055e-01,-8.563804030418395996e-01,-1.620019786059856415e-02,0.000000000000000000e+00
9.476237297058105469e-01,1.717271059751510620e-01,1.530263870954513550e-01,6.007853746414184570e-01,7.014440894126892090e-01,3.834489881992340088e-01,0.000000000000000000e+00
4.088386595249176025e-01,-4.561454355716705322e-01,1.709627509117126465e-01,8.638662844896316528e-02,-9.373728036880493164e-01,-3.374456167221069336e-01,0.000000000000000000e+00
-6.252822279930114746e-01,-1.092883422970771790e-01,4.772947132587432861e-01,-5.092484951019287109e-01,-7.383012175559997559e-01,4.422411918640136719e-01,0.000000000000000000e+00
-2.350908368825912476e-01,-1.519747078418731689e-01,7.817262411117553711e-01,3.921622037887573242e-01,1.649918258190155029e-01,9.049787521362304688e-01,0.000000000000000000e+00
-4.123421907424926758e-01,5.154218673706054688e-01,-3.239893317222595215e-01,-7.393812537193298340e-01,6.350295543670654297e-01,2.237249314785003662e-01,0.000000000000000000e+00
-7.313316464424133301e-01,-3.604217618703842163e-02,1.778082251548767090e-01,-7.499356269836425781e-01,6.339254975318908691e-01,1.890371888875961304e-01,0.000000000000000000e+00
-6.444981098175048828e-01,-1.700480431318283081e-01,3.356661200523376465e-01,-5.281420946121215820e-01,-7.535201311111450195e-01,3.915013372898101807e-01,0.000000000000000000e+00
-7.660604119300842285e-01,-2.879200577735900879e-01,-5.639844760298728943e-02,-5.306138396263122559e-01,-7.575327157974243164e-01,3.802540302276611328e-01,0.000000000000000000e+00
2.816316485404968262e-01,-4.640764892101287842e-01,-5.145425796508789062e-01,7.447659373283386230e-01,-6.331626176834106445e-01,-2.107814699411392212e-01,0.000000000000000000e+00
4.509347677230834961e-01,-4.263075590133666992e-01,-2.344984002411365509e-02,7.456628084182739258e-01,-6.362241506576538086e-01,-1.980045735836029053e-01,0.000000000000000000e+00
-5.578375980257987976e-02,-5.027222633361816406e-01,3.119668960571289062e-01,2.201279997825622559e-01,-6.337505578994750977e-01,7.415550947189331055e-01,0.000000000000000000e+00
-3.801716566085815430e-01,2.366910502314567566e-02,8.079509735107421875e-01,4.008374810218811035e-01,1.807454824447631836e-01,8.981427550315856934e-01,0.000000000000000000e+00
-1.840723007917404175e-01,5.677352547645568848e-01,2.783203423023223877e-01,-7.747803926467895508e-01,5.930688977241516113e-01,2.190539389848709106e-01,0.000000000000000000e+00
7.127229869365692139e-02,6.076228618621826172e-01,5.039433836936950684e-01,4.107045829296112061e-01,1.675763577222824097e-01,8.962365388870239258e-01,0.000000000000000000e+00
-1.097849681973457336e-01,-3.370480984449386597e-02,7.015591859817504883e-01,3.914479017257690430e-01,1.905989348888397217e-01,9.002447128295898438e-01,0.000000000000000000e+00
5.065845251083374023e-01,3.852196633815765381e-01,3.406542539596557617e-01,4.158933460712432861e-01,1.744331717491149902e-01,8.925277590751647949e-01,0.000000000000000000e+00
-5.098819732666015625e-01,-6.509527564048767090e-02,-4.132890105247497559e-01,-3.949302434921264648e-01,-1.632797718048095703e-01,-9.040850996971130371e-01,0.000000000000000000e+00
-1.752753406763076782e-01,-4.802701175212860107e-01,3.768180310726165771e-01,-5.220130681991577148e-01,-7.447260618209838867e-01,4.157949984073638916e-01,0.000000000000000000e+00
3.092361614108085632e-03,-3.695670068264007568e-01,7.346670031547546387e-01,2.133637219667434692e-01,-1.441316679120063782e-02,9.768664836883544922e-01,0.000000000000000000e+00
4.823138117790222168e-01,-4.717257916927337646e-01,2.485793530941009521e-01,4.564609527587890625e-01,-8.894712924957275391e-01,-2.200438641011714935e-02,0.000000000000000000e+00
-4.706099331378936768e-01,3.354593217372894287e-01,-8.594274520874023438e-03,-7.476450204849243164e-01,6.350427865982055664e-01,1.942875534296035767e-01,0.000000000000000000e+00
2.239100039005279541e-01,-1.492676138877868652e-01,-7.429839968681335449e-01,-4.176313579082489014e-01,-1.888253688812255859e-01,-8.887795209884643555e-01,0.000000000000000000e+00
6.455411314964294434e-01,2.473750114440917969e-01,2.947851121425628662e-01,4.233145415782928467e-01,2.036887258291244507e-01,8.827885985374450684e-01,0.000000000000000000e+00
2.824248373508453369e-02,-8.318329453468322754e-01,-3.498830795288085938e-01,7.633805871009826660e-01,-6.168451905250549316e-01,-1.917083859443664551e-01,0.000000000000000000e+00
4.010693356394767761e-02,-6.921936869621276855e-01,-5.146540999412536621e-01,-4.310923516750335693e-01,-2.029232680797576904e-01,-8.791936635971069336e-01,0.000000000000000000e+00
3.819557130336761475e-01,-3.446704149246215820e-01,-5.168526172637939453e-01,7.870087623596191406e-01,-5.704378485679626465e-01,-2.349849492311477661e-01,0.000000000000000000e+00
-6.037664413452148438e-01,2.989062070846557617e-01,-4.312723875045776367e-01,-7.623153328895568848e-01,1.319071501493453979e-01,-6.336212158203125000e-01,0.000000000000000000e+00
-2.499643266201019287e-01,6.976628303527832031e-01,-4.611248672008514404e-01,1.722654551267623901e-01,9.166545867919921875e-01,-3.606508076190948486e-01,0.000000000000000000e+00
4.801269620656967163e-02,4.177148938179016113e-01,-3.183720111846923828e-01,-2.042354345321655273e-01,8.236705660820007324e-01,-5.290129780769348145e-01,0.000000000000000000e+00
3.866461515426635742e-01,-5.048413276672363281e-01,-1.001444552093744278e-02,7.360230088233947754e-01,-6.475393176078796387e-01,-1.973902136087417603e-01,0.000000000000000000e+00
-8.564233779907226562e-02,3.641224279999732971e-02,6.759065985679626465e-01,3.810813724994659424e-01,1.946691572666168213e-01,9.038146734237670898e-01,0.000000000000000000e+00
-4.402371346950531006e-01,-6.252190470695495605e-01,-2.367267012596130371e-01,-5.294200181961059570e-01,-7.476938962936401367e-01,4.008345007896423340e-01,0.000000000000000000e+00
4.999226033687591553e-01,-3.129579424858093262e-01,-1.975646615028381348e-01,7.483029365539550781e-01,-6.264768242835998535e-01,-2.181043624877929688e-01,0.000000000000000000e+00
-3.004427440464496613e-02,5.610803961753845215e-01,5.542244315147399902e-01,2.421742528676986694e-01,-1.393726933747529984e-02,9.701326489448547363e-01,0.000000000000000000e+00
-3.419233858585357666e-01,2.522667348384857178e-01,7.196468114852905273e-01,-5.248590111732482910e-01,6.594746708869934082e-01,5.381600260734558105e-01,0.000000000000000000e+00
1.077510043978691101e-01,4.037459790706634521e-01,-5.339449644088745117e-01,5.357281565666198730e-01,7.303236126899719238e-01,-4.238192439079284668e-01,0.000000000000000000e+00
7.297517061233520508e-01,1.289069950580596924e-01,-2.282817512750625610e-01,5.311434864997863770e-01,7.376433014869689941e-01,-4.168560206890106201e-01,0.000000000000000000e+00
2.463594675064086914e-01,5.264940261840820312e-01,4.399257302284240723e-01,4.022902250289916992e-01,1.764847785234451294e-01,8.983405232429504395e-01,0.000000000000000000e+00
5.755822658538818359e-01,-2.348950505256652832e-01,-1.597177088260650635e-01,6.516650319099426270e-01,-7.418133020401000977e-01,-1.582581996917724609e-01,0.000000000000000000e+00
6.922824382781982422e-01,-2.927922457456588745e-02,-3.834407925605773926e-01,7.410280108451843262e-01,-6.370975971221923828e-01,-2.120947092771530151e-01,0.000000000000000000e+00
-2.208154350519180298e-01,-7.885319590568542480e-01,-3.728365600109100342e-01,-4.038668572902679443e-01,-2.009620666503906250e-01,-8.924717307090759277e-01,0.000000000000000000e+00
-5.536947846412658691e-01,2.026804536581039429e-01,9.307364374399185181e-02,-7.555413842201232910e-01,6.221944093704223633e-01,2.050154656171798706e-01,0.000000000000000000e+00
-2.534368038177490234e-01,-4.060003459453582764e-01,4.092434942722320557e-01,-4.653576314449310303e-01,-7.221069335937500000e-01,5.118631124496459961e-01,0.000000000000000000e+00
7.209530472755432129e-01,1.509718969464302063e-02,3.110849857330322266e-01,4.290664792060852051e-01,2.118716090917587280e-01,8.780730962753295898e-01,0.000000000000000000e+00
2.030650526285171509e-02,4.301180243492126465e-01,-6.011763811111450195e-01,5.389847159385681152e-01,7.448869347572326660e-01,-3.932414948940277100e-01,0.000000000000000000e+00
-2.659737765789031982e-01,2.559688091278076172e-01,7.086124420166015625e-01,4.028517603874206543e-01,1.956606954336166382e-01,8.941069841384887695e-01,0.000000000000000000e+00
-7.574573755264282227e-01,-5.180115625262260437e-02,9.923301637172698975e-02,-7.462617158889770508e-01,6.314800381660461426e-01,2.105384767055511475e-01,0.000000000000000000e+00
-4.140183627605438232e-01,3.046684563159942627e-01,-5.233131647109985352e-01,-4.192994534969329834e-01,-2.071141451597213745e-01,-8.839070796966552734e-01,0.000000000000000000e+00
-4.491167068481445312e-01,1.509892344474792480e-01,6.679952740669250488e-01,-7.479123473167419434e-01,6.360092759132385254e-01,1.900509148836135864e-01,0.000000000000000000e+00
1.075997799634933472e-01,4.254662990570068359e-01,5.165500640869140625e-01,4.764125347137451172e-01,2.230199426412582397e-01,8.504664301872253418e-01,0.000000000000000000e+00
-6.325622797012329102e-01,1.630671024322509766e-01,-6.932436674833297729e-02,-7.804082632064819336e-01,5.613315701484680176e-01,2.754448354244232178e-01,0.000000000000000000e+00
-5.232498049736022949e-01,3.685543537139892578e-01,-2.957959473133087158e-01,-7.473892569541931152e-01,6.325843930244445801e-01,2.030918747186660767e-01,0.000000000000000000e+00
-8.140220493078231812e-02,-4.746371507644653320e-01,3.550704121589660645e-01,8.388648629188537598e-01,-5.007315874099731445e-01,2.134796530008316040e-01,0.000000000000000000e+00
-1.097056362777948380e-02,-8.016310930252075195e-01,-4.603302478790283203e-01,-1.148466467857360840e-01,-4.122265875339508057e-01,-9.038138389587402344e-01,0.000000000000000000e+00
-4.206504523754119873e-01,2.600881271064281464e-02,-4.713645875453948975e-01,-4.090770184993743896e-01,-1.746108382940292358e-01,-8.956378102302551270e-01,0.000000000000000000e+00
-3.366904854774475098e-01,6.226431727409362793e-01,-3.758313059806823730e-01,-7.411103248596191406e-01,6.332331895828247070e-01,2.230947315692901611e-01,0.000000000000000000e+00
2.693926990032196045e-01,-4.703731834888458252e-01,-5.397296547889709473e-01,7.530583739280700684e-01,-6.258561611175537109e-01,-2.029954344034194946e-01,0.000000000000000000e+00
-1.342570334672927856e-01,-5.327974557876586914e-01,3.329232931137084961e-01,-5.148327350616455078e-01,-7.530156970024108887e-01,4.097738265991210938e-01,0.000000000000000000e+00
-3.132551312446594238e-01,6.813470721244812012e-01,-4.629177451133728027e-01,-6.686962842941284180e-01,7.217257022857666016e-01,1.787660121917724609e-01,0.000000000000000000e+00
-7.120919823646545410e-01,-3.569758832454681396e-01,-1.180832833051681519e-01,-5.371888279914855957e-01,-7.539227008819580078e-01,3.781913518905639648e-01,0.000000000000000000e+00
-2.082834839820861816e-01,7.109701633453369141e-01,-2.102995514869689941e-01,-7.447649836540222168e-01,6.322263479232788086e-01,2.135765999555587769e-01,0.000000000000000000e+00
-6.264342665672302246e-01,-4.280042946338653564e-01,-1.377401649951934814e-01,-6.415574550628662109e-01,-6.306753754615783691e-01,4.366378784179687500e-01,0.000000000000000000e+00
-4.222199320793151855e-01,-6.310088038444519043e-01,-2.238248586654663086e-01,-5.291382074356079102e-01,-7.444940805435180664e-01,4.071134030818939209e-01,0.000000000000000000e+00
2.751084864139556885e-01,-5.496255680918693542e-02,5.438899993896484375e-01,4.278342425823211670e-01,1.940346807241439819e-01,8.827844858169555664e-01,0.000000000000000000e+00
-6.399400234222412109e-01,-1.288034114986658096e-02,-3.662065565586090088e-01,-1.300303339958190918e-01,1.622960120439529419e-01,-9.781370759010314941e-01,0.000000000000000000e+00
-4.187831878662109375e-01,4.732958376407623291e-01,-2.281113117933273315e-01,-7.437554001808166504e-01,6.267778873443603516e-01,2.323302179574966431e-01,0.000000000000000000e+00
5.549110770225524902e-01,3.494189381599426270e-01,-4.344961792230606079e-02,5.395942926406860352e-01,4.287135899066925049e-01,-7.245982289314270020e-01,0.000000000000000000e+00
-3.892718851566314697e-01,-8.438113331794738770e-02,-4.629039168357849121e-01,-4.640852212905883789e-01,-1.483851075172424316e-01,-8.732736110687255859e-01,0.000000000000000000e+00
-5.987645387649536133e-01,9.135375916957855225e-02,2.792674601078033447e-01,-7.560753822326660156e-01,6.262642145156860352e-01,1.901135444641113281e-01,0.000000000000000000e+00
-2.988303005695343018e-01,6.852308511734008789e-01,-5.382028818130493164e-01,-1.768803745508193970e-01,9.831034541130065918e-01,-4.712616652250289917e-02,0.000000000000000000e+00
-2.481832653284072876e-01,-2.830890417098999023e-01,6.420684456825256348e-01,-5.259063839912414551e-01,-7.445778846740722656e-01,4.111280143260955811e-01,0.000000000000000000e+00
4.063346385955810547e-01,9.082298725843429565e-02,-7.080975770950317383e-01,4.981696307659149170e-01,7.547749876976013184e-01,-4.267807006835937500e-01,0.000000000000000000e+00
-3.670155405998229980e-01,2.814252078533172607e-01,5.279685854911804199e-01,-7.561626434326171875e-01,6.171201467514038086e-01,2.176712453365325928e-01,0.000000000000000000e+00
-2.434494942426681519e-01,-3.356443643569946289e-01,5.508245825767517090e-01,-5.263623595237731934e-01,-7.494542002677917480e-01,4.015732109546661377e-01,0.000000000000000000e+00
-1.533760130405426025e-01,-2.742240130901336670e-01,7.648808956146240234e-01,-1.335444450378417969e-01,-4.441769123077392578e-01,8.859304189682006836e-01,0.000000000000000000e+00
-4.168165326118469238e-01,-4.086607396602630615e-01,1.980870515108108521e-01,-5.282872319221496582e-01,-7.466058731079101562e-01,4.043417572975158691e-01,0.000000000000000000e+00
6.231398582458496094e-01,4.483951628208160400e-01,2.572816014289855957e-01,6.535683274269104004e-01,6.753386259078979492e-01,3.417105972766876221e-01,0.000000000000000000e+00
1.679695695638656616e-01,5.724876374006271362e-02,-7.617505788803100586e-01,-4.194006621837615967e-01,-1.960795819759368896e-01,-8.863723278045654297e-01,0.000000000000000000e+00
-5.472205877304077148e-01,2.775192260742187500e-01,-1.078312098979949951e-01,-7.482515573501586914e-01,6.309809088706970215e-01,2.048966437578201294e-01,0.000000000000000000e+00
-2.291420847177505493e-01,-5.581244826316833496e-01,1.640881001949310303e-01,-5.144168734550476074e-01,-7.601513266563415527e-01,3.969196975231170654e-01,0.000000000000000000e+00
6.977588534355163574e-01,2.014878094196319580e-01,2.798258066177368164e-01,4.303073287010192871e-01,1.981194913387298584e-01,8.806726336479187012e-01,0.000000000000000000e+00
-3.254903256893157959e-01,1.313648223876953125e-01,-5.336665511131286621e-01,-1.627878248691558838e-01,-2.744825184345245361e-01,-9.477127790451049805e-01,0.000000000000000000e+00
7.873476296663284302e-02,-5.269122719764709473e-01,6.037407517433166504e-01,-5.149317979812622070e-01,-7.518733143806457520e-01,4.117423892021179199e-01,0.000000000000000000e+00
3.859370052814483643e-01,-3.140622004866600037e-02,-8.468218445777893066e-01,-4.290633499622344971e-01,-1.888308376073837280e-01,-8.833162188529968262e-01,0.000000000000000000e+00
-8.707957863807678223e-01,-1.570728868246078491e-01,-1.435058936476707458e-02,-8.831537961959838867e-01,3.393390178680419922e-01,3.238648176193237305e-01,0.000000000000000000e+00
5.102044343948364258e-01,-2.870620414614677429e-02,4.265907108783721924e-01,4.196296334266662598e-01,1.968996524810791016e-01,8.860821127891540527e-01,0.000000000000000000e+00
2.626588642597198486e-01,5.157835483551025391e-01,4.347307384014129639e-01,4.022902250289916992e-01,1.764847785234451294e-01,8.983405232429504395e-01,0.000000000000000000e+00
-7.691591978073120117e-01,-1.797803789377212524e-01,1.461697220802307129e-01,-4.531010687351226807e-01,-7.135908007621765137e-01,5.343103408813476562e-01,0.000000000000000000e+00
5.762031674385070801e-01,-4.180587530136108398e-01,3.949268162250518799e-01,7.304109334945678711e-01,-6.500236392021179199e-01,-2.096881717443466187e-01,0.000000000000000000e+00
4.786612391471862793e-01,-4.304953515529632568e-01,1.006572172045707703e-01,6.803197860717773438e-01,-6.922127604484558105e-01,-2.408453226089477539e-01,0.000000000000000000e+00
2.042525857686996460e-01,-5.419856905937194824e-01,-5.590254068374633789e-01,7.549476623535156250e-01,-6.306911706924438477e-01,-1.796736270189285278e-01,0.000000000000000000e+00
3.364002108573913574e-01,6.057733893394470215e-01,1.580550670623779297e-01,2.832005321979522705e-01,9.085128307342529297e-01,-3.072489202022552490e-01,0.000000000000000000e+00
3.423489034175872803e-01,-3.778338134288787842e-01,-5.616216063499450684e-01,7.413658499717712402e-01,-6.390413641929626465e-01,-2.049459367990493774e-01,0.000000000000000000e+00
4.477368295192718506e-02,3.934972882270812988e-01,-6.379484534263610840e-01,5.521651506423950195e-01,7.449115514755249023e-01,-3.744602203369140625e-01,0.000000000000000000e+00
5.061644911766052246e-01,-1.693469583988189697e-01,-5.817210078239440918e-01,7.387393116950988770e-01,-6.398534774780273438e-01,-2.117823958396911621e-01,0.000000000000000000e+00
-1.613946259021759033e-01,-2.325533330440521240e-01,-5.401716232299804688e-01,-4.074549078941345215e-01,-1.942748129367828369e-01,-8.923215866088867188e-01,0.000000000000000000e+00
-1.989034414291381836e-01,7.028164863586425781e-01,-1.534539312124252319e-01,-7.447649836540222168e-01,6.322263479232788086e-01,2.135765999555587769e-01,0.000000000000000000e+00
7.468302845954895020e-01,2.019637227058410645e-01,-7.963448762893676758e-02,5.100426673889160156e-01,7.452583909034729004e-01,-4.294722080230712891e-01,0.000000000000000000e+00
-6.919020414352416992e-01,-4.134388267993927002e-01,-2.600246369838714600e-01,-5.367528796195983887e-01,-4.984515607357025146e-01,-6.807659864425659180e-01,0.000000000000000000e+00
4.612249322235584259e-03,-8.847178220748901367e-01,-1.623443514108657837e-01,1.270149201154708862e-01,-9.806982874870300293e-01,1.486540734767913818e-01,0.000000000000000000e+00
-3.158756792545318604e-01,-6.906133145093917847e-02,-5.014014840126037598e-01,-4.148232936859130859e-01,-1.822272688150405884e-01,-8.914678096771240234e-01,0.000000000000000000e+00
2.750813066959381104e-01,-6.913094520568847656e-01,1.701316535472869873e-01,7.488834261894226074e-01,-6.329037547111511230e-01,-1.964852362871170044e-01,0.000000000000000000e+00
-6.624873280525207520e-01,7.517834752798080444e-02,6.990125775337219238e-02,-7.789479494094848633e-01,6.251615881919860840e-01,4.912317916750907898e-02,0.000000000000000000e+00
1.467936187982559204e-01,2.463951408863067627e-01,5.360459089279174805e-01,3.574672639369964600e-01,2.261782437562942505e-01,9.061239361763000488e-01,0.000000000000000000e+00
3.501257598400115967e-01,2.704326808452606201e-01,4.377636611461639404e-01,4.178109467029571533e-01,1.836265623569488525e-01,8.897838592529296875e-01,0.000000000000000000e+00
-4.445346891880035400e-01,-9.437945485115051270e-02,-4.270816147327423096e-01,-2.177703082561492920e-01,-7.556506395339965820e-01,-6.177120804786682129e-01,0.000000000000000000e+00
-6.495639085769653320e-01,-3.884641230106353760e-01,-9.333751350641250610e-02,-5.281670689582824707e-01,-7.558979988098144531e-01,3.868562579154968262e-01,0.000000000000000000e+00
9.164578281342983246e-03,-8.424015045166015625e-01,-3.920696973800659180e-01,7.781128287315368652e-01,-6.100733280181884766e-01,-1.495025604963302612e-01,0.000000000000000000e+00
-5.134173035621643066e-01,9.182089567184448242e-02,6.121222376823425293e-01,-7.477650046348571777e-01,6.333786845207214355e-01,1.991957873106002808e-01,0.000000000000000000e+00
-3.640561997890472412e-01,-2.588343024253845215e-01,4.661495685577392578e-01,2.777637243270874023e-01,-6.247909069061279297e-01,-7.297147512435913086e-01,0.000000000000000000e+00
-7.992260903120040894e-02,7.320112586021423340e-01,-1.701007634401321411e-01,5.414399504661560059e-01,7.576397061347961426e-01,-3.644514679908752441e-01,0.000000000000000000e+00
-6.075673103332519531e-01,-1.764337904751300812e-02,5.986095070838928223e-01,-8.653603196144104004e-01,3.957279920578002930e-01,3.074913322925567627e-01,0.000000000000000000e+00
4.326482489705085754e-02,-7.444868087768554688e-01,-4.916318058967590332e-01,8.851095288991928101e-02,-4.560984969139099121e-01,-8.855167627334594727e-01,0.000000000000000000e+00
4.646855965256690979e-02,4.561166167259216309e-01,-3.006984591484069824e-01,4.045206010341644287e-01,-7.386945933103561401e-02,-9.115406870841979980e-01,0.000000000000000000e+00
-1.154132336378097534e-01,-4.057382047176361084e-01,5.860263705253601074e-01,-5.220860838890075684e-01,-7.505201101303100586e-01,4.051489531993865967e-01,0.000000000000000000e+00
1.090506911277770996e-01,-1.566979438066482544e-01,6.423646211624145508e-01,3.862412273883819580e-01,2.028435021638870239e-01,8.998178839683532715e-01,0.000000000000000000e+00
-1.160669475793838501e-01,7.231501340866088867e-01,-2.385206222534179688e-01,5.547598600387573242e-01,7.424458265304565430e-01,-3.755205869674682617e-01,0.000000000000000000e+00
-3.770501613616943359e-01,-6.079864501953125000e-01,-1.230444535613059998e-01,-5.278010964393615723e-01,-7.455677390098571777e-01,4.068841934204101562e-01,0.000000000000000000e+00
1.489143818616867065e-01,-2.952550351619720459e-01,6.575631499290466309e-01,3.972052633762359619e-01,2.083287984132766724e-01,8.937712907791137695e-01,0.000000000000000000e+00
6.565799564123153687e-02,4.163603186607360840e-01,-5.674289464950561523e-01,5.530928373336791992e-01,7.366721630096435547e-01,-3.891046643257141113e-01,0.000000000000000000e+00
8.436626195907592773e-01,9.968915581703186035e-02,-1.233209669589996338e-01,8.803082108497619629e-01,1.772712320089340210e-01,-4.400368034839630127e-01,0.000000000000000000e+00
-2.321944236755371094e-01,-7.751047015190124512e-01,-2.401423305273056030e-01,-5.199108123779296875e-01,-7.525569796562194824e-01,4.041667878627777100e-01,0.000000000000000000e+00
6.661852598190307617e-01,-2.901572883129119873e-01,3.253118395805358887e-01,7.441200613975524902e-01,-6.349087953567504883e-01,-2.077886909246444702e-01,0.000000000000000000e+00
-3.788008391857147217e-01,-5.525628328323364258e-01,-3.626243770122528076e-01,-3.905299603939056396e-01,-2.045402377843856812e-01,-8.975799083709716797e-01,0.000000000000000000e+00
-8.263689875602722168e-01,-2.951202392578125000e-01,-1.510120332241058350e-01,-5.119322538375854492e-01,-7.644342184066772461e-01,3.918746113777160645e-01,0.000000000000000000e+00
-7.359663844108581543e-01,7.010849565267562866e-02,-1.974487006664276123e-01,-7.549093365669250488e-01,6.234390735626220703e-01,2.035574465990066528e-01,0.000000000000000000e+00
-1.402347683906555176e-01,-1.705525442957878113e-02,7.112461328506469727e-01,3.898266553878784180e-01,1.890547573566436768e-01,9.012732505798339844e-01,0.000000000000000000e+00
-5.484571307897567749e-02,7.388706207275390625e-01,2.198624610900878906e-01,-7.357140183448791504e-01,6.410025954246520996e-01,2.187249660491943359e-01,0.000000000000000000e+00
-5.645152926445007324e-01,-3.611273365095257759e-03,7.016755342483520508e-01,-9.229279160499572754e-01,1.648128628730773926e-01,3.479091823101043701e-01,0.000000000000000000e+00
-3.674061596393585205e-01,5.875493884086608887e-01,-3.787820339202880859e-01,-7.434914112091064453e-01,6.308142542839050293e-01,2.220221757888793945e-01,0.000000000000000000e+00
3.529036641120910645e-01,3.548663854598999023e-01,4.190556108951568604e-01,4.150265157222747803e-01,1.851288229227066040e-01,8.907751441001892090e-01,0.000000000000000000e+00
-2.282831072807312012e-01,-7.199906706809997559e-01,-1.337393075227737427e-01,-5.124379992485046387e-01,-7.539584040641784668e-01,4.110400974750518799e-01,0.000000000000000000e+00
5.708026289939880371e-01,-2.041069120168685913e-01,9.100313298404216766e-03,4.778111577033996582e-01,2.976801395416259766e-01,-8.264883756637573242e-01,0.000000000000000000e+00
-3.030539453029632568e-01,6.528435349464416504e-01,-3.497003912925720215e-01,-7.474960088729858398e-01,6.281984448432922363e-01,2.159083634614944458e-01,0.000000000000000000e+00
-7.955353260040283203e-01,-4.066419228911399841e-02,-3.040597140789031982e-01,-3.405934274196624756e-01,-2.038090229034423828e-01,-9.178550839424133301e-01,0.000000000000000000e+00
-3.824613392353057861e-01,6.133148074150085449e-01,-4.963214397430419922e-01,-7.437091469764709473e-01,6.312639713287353516e-01,2.200056612491607666e-01,0.000000000000000000e+00
4.989800453186035156e-01,-3.468856811523437500e-01,-9.643536061048507690e-02,7.411192655563354492e-01,-6.395051479339599609e-01,-2.043902873992919922e-01,0.000000000000000000e+00
5.941414237022399902e-01,8.282285928726196289e-02,-4.848358631134033203e-01,4.891854524612426758e-01,7.549104690551757812e-01,-4.368154704570770264e-01,0.000000000000000000e+00
-6.917092204093933105e-01,1.301587820053100586e-01,-1.851203292608261108e-01,-8.175676465034484863e-01,5.276278853416442871e-01,2.306339293718338013e-01,0.000000000000000000e+00
3.898012340068817139e-01,-3.030632436275482178e-01,-5.878237485885620117e-01,7.266431450843811035e-01,-6.586191654205322266e-01,-1.954751908779144287e-01,0.000000000000000000e+00
-3.051862120628356934e-01,1.948879063129425049e-01,7.383915185928344727e-01,3.885430693626403809e-01,1.837784200906753540e-01,9.029173851013183594e-01,0.000000000000000000e+00
-4.352032244205474854e-01,3.099467158317565918e-01,1.965356469154357910e-01,-7.485823035240173340e-01,6.293170452117919922e-01,2.087692469358444214e-01,0.000000000000000000e+00
3.257060945034027100e-01,-6.857665181159973145e-01,3.563251495361328125e-01,7.546147704124450684e-01,-6.285277009010314941e-01,-1.884395331144332886e-01,0.000000000000000000e+00
5.433023571968078613e-01,1.404415518045425415e-01,-4.451866745948791504e-01,5.265318155288696289e-01,7.456465363502502441e-01,-4.083815515041351318e-01,0.000000000000000000e+00
-4.044939577579498291e-01,-3.874793946743011475e-01,2.536403834819793701e-01,-5.310707092285156250e-01,-7.411342859268188477e-01,4.107114076614379883e-01,0.000000000000000000e+00
-2.855245172977447510e-01,-3.167067468166351318e-01,5.310130119323730469e-01,-5.264374613761901855e-01,-7.494233250617980957e-01,4.015324115753173828e-01,0.000000000000000000e+00
2.038740813732147217e-01,-2.851882576942443848e-01,-6.964728832244873047e-01,-4.044050872325897217e-01,-1.886427700519561768e-01,-8.949136734008789062e-01,0.000000000000000000e+00
-5.107334256172180176e-01,5.897321179509162903e-02,-4.367659687995910645e-01,-4.068273007869720459e-01,-1.712790280580520630e-01,-8.973042964935302734e-01,0.000000000000000000e+00
6.410877108573913574e-01,-3.180048763751983643e-01,3.206783533096313477e-01,7.433840632438659668e-01,-6.357201933860778809e-01,-2.079422920942306519e-01,0.000000000000000000e+00
7.686803340911865234e-01,1.430307887494564056e-02,-2.525196671485900879e-01,7.352616786956787109e-01,-6.428108215332031250e-01,-2.149059623479843140e-01,0.000000000000000000e+00
1.142873615026473999e-01,-8.178060054779052734e-01,-4.646239802241325378e-02,7.366801500320434570e-01,-6.342931985855102539e-01,-2.344662696123123169e-01,0.000000000000000000e+00
-1.042948476970195770e-02,-1.751034855842590332e-01,-6.133064031600952148e-01,-4.845027625560760498e-01,3.367603123188018799e-01,-8.073720335960388184e-01,0.000000000000000000e+00
5.678847432136535645e-01,-2.691179513931274414e-01,-8.509492129087448120e-02,7.516276240348815918e-01,-6.254757046699523926e-01,-2.093706279993057251e-01,0.000000000000000000e+00
2.471496164798736572e-01,-6.530031561851501465e-01,5.868035554885864258e-01,-5.262046456336975098e-01,-7.465340495109558105e-01,4.071800112724304199e-01,0.000000000000000000e+00
8.407898992300033569e-02,6.214807629585266113e-01,-1.595622450113296509e-01,5.185067653656005859e-01,7.614041566848754883e-01,-3.891201019287109375e-01,0.000000000000000000e+00
-3.569790124893188477e-01,-1.681087762117385864e-01,7.340232729911804199e-01,-5.414611697196960449e-01,-7.447538375854492188e-01,3.900789618492126465e-01,0.000000000000000000e+00
-1.756837964057922363e-01,5.237464904785156250e-01,4.722864031791687012e-01,-7.315131425857543945e-01,6.481095552444458008e-01,2.117604762315750122e-01,0.000000000000000000e+00
4.563120305538177490e-01,3.536703288555145264e-01,-1.732291728258132935e-01,6.040915846824645996e-01,6.910068988800048828e-01,-3.969670236110687256e-01,0.000000000000000000e+00
8.539235591888427734e-01,2.447301000356674194e-01,1.910509914159774780e-01,5.866338610649108887e-01,3.606451153755187988e-01,7.251178026199340820e-01,0.000000000000000000e+00
-3.351139128208160400e-01,-2.756953835487365723e-01,5.494701266288757324e-01,-3.648990690708160400e-01,-8.644434809684753418e-01,3.458122909069061279e-01,0.000000000000000000e+00
-3.782355785369873047e-01,2.272526621818542480e-01,6.967068314552307129e-01,-7.589389085769653320e-01,6.306295394897460938e-01,1.622287034988403320e-01,0.000000000000000000e+00
7.485206723213195801e-01,-7.724119722843170166e-02,-3.658316284418106079e-02,7.406907081604003906e-01,-6.390919089317321777e-01,-2.072167843580245972e-01,0.000000000000000000e+00
4.300269186496734619e-01,-5.449891090393066406e-01,3.035916686058044434e-01,7.477782964706420898e-01,-6.352214813232421875e-01,-1.931871920824050903e-01,0.000000000000000000e+00
-2.721389234066009521e-01,6.136467456817626953e-01,-1.442742496728897095e-01,-7.460717558860778809e-01,6.327606439590454102e-01,2.073425054550170898e-01,0.000000000000000000e+00
-1.132232993841171265e-01,-5.903589725494384766e-01,2.480722367763519287e-01,-5.768946409225463867e-01,-7.023947834968566895e-01,4.169341921806335449e-01,0.000000000000000000e+00
9.559528902173042297e-03,-8.762316107749938965e-01,-1.261047571897506714e-01,-1.103229895234107971e-01,-9.583426713943481445e-01,2.634542584419250488e-01,0.000000000000000000e+00
3.987701237201690674e-01,-2.752040624618530273e-01,-3.759911656379699707e-01,7.881788015365600586e-01,-6.056963205337524414e-01,1.091151162981987000e-01,0.000000000000000000e+00
-1.047927439212799072e-01,7.605959773063659668e-01,-1.883882214315235615e-03,-7.446854710578918457e-01,6.322785615921020508e-01,2.136990725994110107e-01,0.000000000000000000e+00
4.243187904357910156e-01,-5.610858798027038574e-01,3.337452113628387451e-01,7.529735565185546875e-01,-6.281273365020751953e-01,-1.961807459592819214e-01,0.000000000000000000e+00
7.481030821800231934e-01,2.444663941860198975e-01,2.456931620836257935e-01,4.270858466625213623e-01,1.958669275045394897e-01,8.827422261238098145e-01,0.000000000000000000e+00
-3.521937429904937744e-01,-2.783722989261150360e-02,8.062940835952758789e-01,4.044572412967681885e-01,1.913492083549499512e-01,8.943153023719787598e-01,0.000000000000000000e+00
6.824201941490173340e-01,3.150432929396629333e-02,-4.570170640945434570e-01,7.177626490592956543e-01,5.385587215423583984e-01,-4.413290023803710938e-01,0.000000000000000000e+00
-1.232339516282081604e-01,-8.609294295310974121e-01,-3.997964560985565186e-01,-4.054871499538421631e-01,-2.167515456676483154e-01,-8.880309462547302246e-01,0.000000000000000000e+00
-9.853757172822952271e-02,9.760478883981704712e-02,6.681046485900878906e-01,4.694141745567321777e-01,2.108125984668731689e-01,8.574429154396057129e-01,0.000000000000000000e+00
1.048770546913146973e-01,-1.941583454608917236e-01,-6.702484488487243652e-01,-5.343486666679382324e-01,-3.228862881660461426e-01,-7.811632156372070312e-01,0.000000000000000000e+00
-6.099111959338188171e-02,1.500377058982849121e-01,6.499945521354675293e-01,4.045959413051605225e-01,1.737109869718551636e-01,8.978455662727355957e-01,0.000000000000000000e+00
4.217291772365570068e-01,5.040080845355987549e-02,-7.654292583465576172e-01,5.329436659812927246e-01,7.335909008979797363e-01,-4.216817021369934082e-01,0.000000000000000000e+00
-6.995252370834350586e-01,6.944176554679870605e-02,-6.087170913815498352e-02,-7.521277070045471191e-01,6.286837458610534668e-01,1.976378858089447021e-01,0.000000000000000000e+00
-6.973946690559387207e-01,-2.853423357009887695e-01,4.548194259405136108e-02,-5.251790285110473633e-01,-7.617164850234985352e-01,3.794403672218322754e-01,0.000000000000000000e+00
-4.572502672672271729e-01,-1.807361841201782227e-01,-3.418109714984893799e-01,-3.333170115947723389e-01,-4.455821812152862549e-01,-8.308768272399902344e-01,0.000000000000000000e+00
-1.424292922019958496e-01,-5.889930725097656250e-01,2.110964357852935791e-01,-5.765320658683776855e-01,-6.902447938919067383e-01,4.372332692146301270e-01,0.000000000000000000e+00
5.596581101417541504e-01,1.611107140779495239e-01,3.526234626770019531e-01,3.473041653633117676e-01,2.317996323108673096e-01,9.086521863937377930e-01,0.000000000000000000e+00
-1.774816215038299561e-01,-1.530424598604440689e-02,7.270218133926391602e-01,3.936492800712585449e-01,1.931217610836029053e-01,8.987458944320678711e-01,0.000000000000000000e+00
-3.804252147674560547e-01,-1.936127245426177979e-01,6.531284451484680176e-01,-5.373041033744812012e-01,-7.463095188140869141e-01,3.928439915180206299e-01,0.000000000000000000e+00
-5.897139906883239746e-01,3.168888092041015625e-01,-3.749395310878753662e-01,-7.453626990318298340e-01,6.339308619499206543e-01,2.063156068325042725e-01,0.000000000000000000e+00
-6.129944920539855957e-01,7.463425397872924805e-02,2.777522802352905273e-01,-7.560753822326660156e-01,6.262642145156860352e-01,1.901135444641113281e-01,0.000000000000000000e+00
5.486418008804321289e-01,4.223193228244781494e-01,3.128823339939117432e-01,4.148372709751129150e-01,1.801500469446182251e-01,8.918833732604980469e-01,0.000000000000000000e+00
3.932623565196990967e-01,1.594589799642562866e-01,-6.019737720489501953e-01,5.423137545585632324e-01,7.322708964347839355e-01,-4.119164049625396729e-01,0.000000000000000000e+00
5.239068269729614258e-01,3.993184566497802734e-01,3.029997460544109344e-03,5.043998956680297852e-01,7.957617044448852539e-01,-3.351777195930480957e-01,0.000000000000000000e+00
3.182730823755264282e-02,-7.845667600631713867e-01,8.399252593517303467e-02,-5.227037072181701660e-01,-7.442975044250488281e-01,4.156946837902069092e-01,0.000000000000000000e+00
2.913150191307067871e-01,-4.336619973182678223e-01,-5.737531185150146484e-01,7.449864745140075684e-01,-6.370732784271240234e-01,-1.978202462196350098e-01,0.000000000000000000e+00
-3.490123450756072998e-01,-2.040807008743286133e-01,-4.579477906227111816e-01,-4.285026192665100098e-01,-1.820389777421951294e-01,-8.850126266479492188e-01,0.000000000000000000e+00
-2.749063074588775635e-01,-2.969010770320892334e-01,5.816331505775451660e-01,-5.359412431716918945e-01,-7.424168586730957031e-01,4.019754230976104736e-01,0.000000000000000000e+00
3.237836658954620361e-01,-4.338520467281341553e-01,-4.562067389488220215e-01,7.456829547882080078e-01,-6.320036649703979492e-01,-2.110172808170318604e-01,0.000000000000000000e+00
2.595308981835842133e-02,-5.871260911226272583e-02,-6.108067035675048828e-01,1.259330362081527710e-01,-9.320979118347167969e-01,-3.396090567111968994e-01,0.000000000000000000e+00
-1.077204868197441101e-01,-1.387846320867538452e-01,7.336464524269104004e-01,3.940344452857971191e-01,2.138204127550125122e-01,8.938778638839721680e-01,0.000000000000000000e+00
-2.341406941413879395e-01,6.767925620079040527e-01,-2.007637172937393188e-01,-7.579682469367980957e-01,6.233862638473510742e-01,1.920253485441207886e-01,0.000000000000000000e+00
-4.063476324081420898e-01,2.665061950683593750e-01,3.750100433826446533e-01,-9.689357280731201172e-01,-1.102274358272552490e-01,-2.213899791240692139e-01,0.000000000000000000e+00
-4.736897349357604980e-01,1.530236564576625824e-02,-4.452266693115234375e-01,-4.083554446697235107e-01,-1.720543950796127319e-01,-8.964614272117614746e-01,0.000000000000000000e+00
-3.622425794601440430e-01,1.069062948226928711e-01,-5.137906074523925781e-01,-4.079720079898834229e-01,-1.748525351285934448e-01,-8.960945606231689453e-01,0.000000000000000000e+00
-8.493637293577194214e-02,-5.140559077262878418e-01,-4.987979233264923096e-01,-4.025529623031616211e-01,-1.880032569169998169e-01,-8.958827257156372070e-01,0.000000000000000000e+00
4.270885288715362549e-01,-2.048505395650863647e-01,-7.533438801765441895e-01,7.439031004905700684e-01,-6.397496461868286133e-01,-1.932061612606048584e-01,0.000000000000000000e+00
1.486676651984453201e-02,1.036658361554145813e-01,-6.899325251579284668e-01,-4.185341596603393555e-01,-1.809995174407958984e-01,-8.899822235107421875e-01,0.000000000000000000e+00
-7.275532484054565430e-01,8.529279381036758423e-02,-2.135954350233078003e-01,-7.465867996215820312e-01,6.319294571876525879e-01,2.080223262310028076e-01,0.000000000000000000e+00
6.382436156272888184e-01,-6.415028125047683716e-02,3.741934299468994141e-01,4.101003706455230713e-01,1.944669336080551147e-01,8.910669684410095215e-01,0.000000000000000000e+00
-3.315689265727996826e-01,-7.354617118835449219e-01,-3.173682391643524170e-01,-6.987226009368896484e-01,-6.425490975379943848e-01,-3.145113587379455566e-01,0.000000000000000000e+00
-8.810322880744934082e-01,-1.493095755577087402e-01,-5.784997344017028809e-02,-7.588218450546264648e-01,6.159227490425109863e-01,2.117275893688201904e-01,0.000000000000000000e+00
4.989692568778991699e-01,-5.383847281336784363e-03,-7.715612649917602539e-01,5.410147905349731445e-01,7.375009059906005859e-01,-4.042220115661621094e-01,0.000000000000000000e+00
5.784513950347900391e-01,-3.140097260475158691e-01,4.584289789199829102e-01,4.227547347545623779e-01,2.032248675823211670e-01,8.831636905670166016e-01,0.000000000000000000e+00
-3.032657206058502197e-01,-7.281616926193237305e-01,-2.444234490394592285e-01,-5.247088074684143066e-01,-7.471383213996887207e-01,4.080012738704681396e-01,0.000000000000000000e+00
2.663450539112091064e-01,5.391644239425659180e-01,3.386422619223594666e-02,-7.528014183044433594e-01,2.769111096858978271e-01,-5.971685647964477539e-01,0.000000000000000000e+00
-1.966477930545806885e-01,-5.589544773101806641e-01,9.769603610038757324e-03,-3.985843360424041748e-01,-8.877603411674499512e-01,2.302434444427490234e-01,0.000000000000000000e+00
-1.844016611576080322e-01,5.699751973152160645e-01,-6.194014549255371094e-01,5.593635439872741699e-01,7.134523987770080566e-01,-4.220167100429534912e-01,0.000000000000000000e+00
-4.238160848617553711e-01,-6.226067543029785156e-01,-3.264300823211669922e-01,-4.046205580234527588e-01,-2.207293510437011719e-01,-8.874462246894836426e-01,0.000000000000000000e+00
8.878412842750549316e-02,-5.038061738014221191e-01,-5.950106382369995117e-01,-4.175321459770202637e-01,-1.924352049827575684e-01,-8.880515694618225098e-01,0.000000000000000000e+00
7.784979045391082764e-02,7.852137684822082520e-01,4.597643017768859863e-01,-1.558208838105201721e-02,4.989740848541259766e-01,8.664768338203430176e-01,0.000000000000000000e+00
-1.936852186918258667e-01,-1.551539301872253418e-01,-5.413520336151123047e-01,-4.129914641380310059e-01,-1.831706613302230835e-01,-8.921247124671936035e-01,0.000000000000000000e+00
1.870900392532348633e-01,-6.789220571517944336e-01,-2.211324274539947510e-01,7.609196305274963379e-01,-6.189810633659362793e-01,-1.945859640836715698e-01,0.000000000000000000e+00
-6.517913937568664551e-02,4.344614744186401367e-01,5.940244793891906738e-01,4.057163000106811523e-01,1.799881309270858765e-01,8.961018919944763184e-01,0.000000000000000000e+00
-1.428441405296325684e-01,-5.108387768268585205e-02,7.197582125663757324e-01,3.922184109687805176e-01,1.982052326202392578e-01,8.982646465301513672e-01,0.000000000000000000e+00
1.765675395727157593e-01,3.963784277439117432e-01,4.872304499149322510e-01,2.211821824312210083e-01,-8.460783958435058594e-01,4.850049316883087158e-01,0.000000000000000000e+00
-2.183240205049514771e-01,-3.776257932186126709e-01,5.050302743911743164e-01,-5.245136022567749023e-01,-7.489985823631286621e-01,4.048290550708770752e-01,0.000000000000000000e+00
2.128135263919830322e-01,-4.227718710899353027e-01,-6.700965762138366699e-01,-4.247660934925079346e-01,-2.175199240446090698e-01,-8.787825703620910645e-01,0.000000000000000000e+00
6.742122769355773926e-02,8.079009056091308594e-01,1.794364750385284424e-01,5.508162379264831543e-01,7.498991489410400391e-01,-3.664051592350006104e-01,0.000000000000000000e+00
1.001605018973350525e-01,-2.783270180225372314e-01,6.752371191978454590e-01,3.917309939861297607e-01,2.056823372840881348e-01,8.967951536178588867e-01,0.000000000000000000e+00
-4.322357177734375000e-01,-4.344182014465332031e-01,1.296947002410888672e-01,-5.311062335968017578e-01,-7.562413811683654785e-01,3.821323215961456299e-01,0.000000000000000000e+00
6.232274174690246582e-01,1.088093146681785583e-01,-4.034420251846313477e-01,5.142960548400878906e-01,7.589654922485351562e-01,-3.993381261825561523e-01,0.000000000000000000e+00
1.665227562189102173e-01,-7.714521288871765137e-01,6.835747510194778442e-03,7.564272284507751465e-01,-6.261639595031738281e-01,-1.890412122011184692e-01,0.000000000000000000e+00
-4.779553115367889404e-01,2.522046566009521484e-01,2.161852568387985229e-01,-7.528760433197021484e-01,6.222714781761169434e-01,2.143732458353042603e-01,0.000000000000000000e+00
-4.129458367824554443e-01,4.288471639156341553e-01,-5.484564900398254395e-01,-4.169727861881256104e-01,-1.687870323657989502e-01,-8.931095004081726074e-01,0.000000000000000000e+00
1.610647290945053101e-01,-6.462200284004211426e-01,4.898376166820526123e-01,-5.147796869277954102e-01,-7.478972077369689941e-01,4.191081225872039795e-01,0.000000000000000000e+00
3.889106512069702148e-01,-2.172133326530456543e-01,-7.915202379226684570e-01,-4.786174744367599487e-02,-4.733034968376159668e-01,-8.795982599258422852e-01,0.000000000000000000e+00
2.427384257316589355e-01,4.274002909660339355e-01,4.580525755882263184e-01,5.524371862411499023e-01,-3.224407508969306946e-02,8.329306244850158691e-01,0.000000000000000000e+00
5.004552006721496582e-02,5.367953777313232422e-01,5.273585915565490723e-01,3.942109942436218262e-01,1.750264018774032593e-01,9.021992087364196777e-01,0.000000000000000000e+00
6.957064867019653320e-01,-1.593222916126251221e-01,2.983886189758777618e-02,7.269288897514343262e-01,-6.508982181549072266e-01,-2.188740968704223633e-01,0.000000000000000000e+00
-4.615671932697296143e-01,3.996231257915496826e-01,-1.681545972824096680e-01,-7.475482821464538574e-01,6.328551769256591797e-01,2.016579210758209229e-01,0.000000000000000000e+00
2.980567216873168945e-01,-1.882403343915939331e-01,-7.698927521705627441e-01,-4.426235258579254150e-01,-1.920427381992340088e-01,-8.759018182754516602e-01,0.000000000000000000e+00
-4.646489322185516357e-01,1.165247112512588501e-01,7.300505638122558594e-01,-7.573526501655578613e-01,6.357145905494689941e-01,1.492779105901718140e-01,0.000000000000000000e+00
5.132282972335815430e-01,8.963500708341598511e-02,-5.803993940353393555e-01,4.788529276847839355e-01,7.380338907241821289e-01,-4.754007160663604736e-01,0.000000000000000000e+00
-9.647095575928688049e-03,-9.006999135017395020e-01,-2.551297843456268311e-01,6.552004814147949219e-01,-7.487605810165405273e-01,-1.003487482666969299e-01,0.000000000000000000e+00
-1.326597034931182861e-01,5.682842135429382324e-01,4.834159314632415771e-01,-6.491119265556335449e-01,7.473139166831970215e-01,1.420410722494125366e-01,0.000000000000000000e+00
-2.591351568698883057e-01,-7.597684264183044434e-01,-2.464395165443420410e-01,-5.236026644706726074e-01,-7.526165246963500977e-01,3.992601633071899414e-01,0.000000000000000000e+00
-2.880645692348480225e-01,5.126144886016845703e-01,9.140581637620925903e-02,-7.928937077522277832e-01,5.561643838882446289e-01,2.489994913339614868e-01,0.000000000000000000e+00
1.477210521697998047e-01,3.359760642051696777e-01,4.427070319652557373e-01,9.952066540718078613e-01,-2.170542441308498383e-02,9.535503387451171875e-02,0.000000000000000000e+00
-8.678026199340820312e-01,-1.287945061922073364e-01,-7.124980539083480835e-02,-7.568982839584350586e-01,6.233127117156982422e-01,1.964337527751922607e-01,0.000000000000000000e+00
1.219491064548492432e-01,-7.792717218399047852e-01,2.068166285753250122e-01,-5.278851985931396484e-01,-7.374167442321777344e-01,4.213713407516479492e-01,0.000000000000000000e+00
-3.908485472202301025e-01,6.115963459014892578e-01,-5.197052359580993652e-01,-7.403833866119384766e-01,6.350259780883789062e-01,2.203960865736007690e-01,0.000000000000000000e+00
1.321803219616413116e-02,-6.588632464408874512e-01,-5.096521973609924316e-01,-4.037664830684661865e-01,-2.186293900012969971e-01,-8.883545398712158203e-01,0.000000000000000000e+00
-8.373508453369140625e-01,-5.795873701572418213e-02,-1.787946075201034546e-01,-7.538860440254211426e-01,6.277459859848022461e-01,1.938833445310592651e-01,0.000000000000000000e+00
6.097167730331420898e-02,8.415777087211608887e-01,3.092643618583679199e-01,-6.215214729309082031e-01,7.599015831947326660e-01,1.904224008321762085e-01,0.000000000000000000e+00
2.356418222188949585e-02,2.088774442672729492e-01,6.001339554786682129e-01,3.774792551994323730e-01,1.829307824373245239e-01,9.077696800231933594e-01,0.000000000000000000e+00
5.726981163024902344e-01,3.789152503013610840e-01,3.131212294101715088e-02,5.562249422073364258e-01,7.369192242622375488e-01,-3.841404616832733154e-01,0.000000000000000000e+00
-3.598745167255401611e-01,3.992260098457336426e-01,-1.231536343693733215e-01,-8.720077276229858398e-01,4.529062807559967041e-01,-1.856835186481475830e-01,0.000000000000000000e+00
5.206027626991271973e-01,-1.872297972440719604e-01,-4.754455685615539551e-01,7.388978600502014160e-01,-6.470189094543457031e-01,-1.881396472454071045e-01,0.000000000000000000e+00
4.850450754165649414e-01,2.525007724761962891e-01,-7.227552682161331177e-02,8.518471121788024902e-01,5.064408183097839355e-01,-1.336944103240966797e-01,0.000000000000000000e+00
-6.322337985038757324e-01,-2.941629588603973389e-01,1.092843413352966309e-01,-4.804681539535522461e-01,-7.281045913696289062e-01,4.888906180858612061e-01,0.000000000000000000e+00
-6.365026235580444336e-01,-1.089395880699157715e-01,4.641501009464263916e-01,-5.305508971214294434e-01,-7.362024188041687012e-01,4.201448261737823486e-01,0.000000000000000000e+00
7.447332888841629028e-02,5.078411102294921875e-01,5.211787819862365723e-01,3.983717262744903564e-01,1.427189558744430542e-01,9.060525894165039062e-01,0.000000000000000000e+00
-6.782454848289489746e-01,2.830972895026206970e-02,1.749182045459747314e-01,-7.491768598556518555e-01,6.325425505638122559e-01,1.965299397706985474e-01,0.000000000000000000e+00
3.937862440943717957e-02,-5.393376946449279785e-01,5.323103666305541992e-01,-5.121966004371643066e-01,-7.516864538192749023e-01,4.154781401157379150e-01,0.000000000000000000e+00
-2.891258895397186279e-01,-1.282146275043487549e-01,7.992904782295227051e-01,3.996296525001525879e-01,1.877713203430175781e-01,8.972391486167907715e-01,0.000000000000000000e+00
4.890796542167663574e-01,2.759667634963989258e-01,-2.711955308914184570e-01,4.919886291027069092e-01,8.190667033195495605e-01,-2.950880229473114014e-01,0.000000000000000000e+00
-3.645318150520324707e-01,-3.908770382404327393e-01,-4.067631661891937256e-01,-3.950735926628112793e-01,-2.047346681356430054e-01,-8.955448269844055176e-01,0.000000000000000000e+00
9.330435395240783691e-01,1.483917236328125000e-01,6.666326522827148438e-02,7.805758714675903320e-01,3.718939125537872314e-01,-5.023905038833618164e-01,0.000000000000000000e+00
4.551745355129241943e-01,1.443335041403770447e-02,4.421896636486053467e-01,3.937617838382720947e-01,2.346672862768173218e-01,8.887535929679870605e-01,0.000000000000000000e+00
1.083310320973396301e-01,2.569200396537780762e-01,5.523660778999328613e-01,4.458136856555938721e-01,1.510029584169387817e-01,8.822971582412719727e-01,0.000000000000000000e+00
-5.835709571838378906e-01,-2.376396209001541138e-01,2.877719998359680176e-01,-5.346163511276245117e-01,-7.502258419990539551e-01,3.890327513217926025e-01,0.000000000000000000e+00
-5.014569759368896484e-01,3.989416658878326416e-01,-3.109726309776306152e-01,-7.213780283927917480e-01,6.672322750091552734e-01,1.855123192071914673e-01,0.000000000000000000e+00
4.538358151912689209e-01,4.704690575599670410e-01,3.479786813259124756e-01,4.176715314388275146e-01,1.764572858810424805e-01,8.912986516952514648e-01,0.000000000000000000e+00
-3.400115668773651123e-02,-3.963388502597808838e-01,7.086046338081359863e-01,-5.203169584274291992e-01,-7.526732087135314941e-01,4.034269750118255615e-01,0.000000000000000000e+00
-1.204158514738082886e-01,-7.971478700637817383e-01,-4.161759018898010254e-01,-3.966528177261352539e-01,-2.024649679660797119e-01,-8.953627943992614746e-01,0.000000000000000000e+00
-4.760767221450805664e-01,-3.488416075706481934e-01,2.184059768915176392e-01,-5.013962388038635254e-01,-7.749428153038024902e-01,3.847927153110504150e-01,0.000000000000000000e+00
-8.402232825756072998e-02,7.631314992904663086e-01,-1.080264821648597717e-01,2.815497815608978271e-01,9.247007369995117188e-01,-2.562386691570281982e-01,0.000000000000000000e+00
-4.532501101493835449e-01,7.816716283559799194e-02,8.194887042045593262e-01,6.122660823166370392e-03,5.291112661361694336e-01,8.485303521156311035e-01,0.000000000000000000e+00
2.933109104633331299e-01,5.024700760841369629e-01,4.218953549861907959e-01,5.105378031730651855e-01,7.577794790267944336e-02,8.565096855163574219e-01,0.000000000000000000e+00
3.450153172016143799e-01,3.704355359077453613e-01,-2.883396148681640625e-01,5.192390680313110352e-01,7.480034828186035156e-01,-4.133783280849456787e-01,0.000000000000000000e+00
7.218276709318161011e-02,-8.151087760925292969e-01,-2.300575524568557739e-01,7.524777650833129883e-01,-6.275284290313720703e-01,-1.999631673097610474e-01,0.000000000000000000e+00
-7.971915602684020996e-02,-4.857591688632965088e-01,3.769316077232360840e-01,4.248368740081787109e-01,-6.622921228408813477e-01,-6.171570420265197754e-01,0.000000000000000000e+00
-6.190891265869140625e-01,-3.569700121879577637e-01,1.027896814048290253e-02,-5.173116922378540039e-01,-7.639138698577880859e-01,3.857773840427398682e-01,0.000000000000000000e+00
1.094883382320404053e-01,4.939117282629013062e-02,-7.232213020324707031e-01,-5.425445437431335449e-01,-8.004347234964370728e-02,-8.362048268318176270e-01,0.000000000000000000e+00
4.930421113967895508e-01,-5.148149132728576660e-01,4.484794139862060547e-01,7.498327493667602539e-01,-6.347223520278930664e-01,-1.867576092481613159e-01,0.000000000000000000e+00
6.671783328056335449e-01,-6.678690761327743530e-02,-3.573583662509918213e-01,7.348622083663940430e-01,-6.422995328903198242e-01,-2.177816033363342285e-01,0.000000000000000000e+00
4.840326905250549316e-01,5.269390344619750977e-01,1.879483610391616821e-01,5.186942815780639648e-01,7.380589246749877930e-01,-4.315382540225982666e-01,0.000000000000000000e+00
3.359532952308654785e-01,-3.436423242092132568e-01,-6.526053547859191895e-01,7.293257713317871094e-01,-6.566007733345031738e-01,-1.922482103109359741e-01,0.000000000000000000e+00
-5.581603050231933594e-01,4.084365442395210266e-02,6.073380708694458008e-01,-7.453920841217041016e-01,6.368227005004882812e-01,1.970975995063781738e-01,0.000000000000000000e+00
-4.190942943096160889e-01,4.151033759117126465e-01,-5.430251955986022949e-01,-4.136809408664703369e-01,-1.682447940111160278e-01,-8.947411775588989258e-01,0.000000000000000000e+00
-3.600476980209350586e-01,3.442714512348175049e-01,3.635321557521820068e-01,-7.400302886962890625e-01,6.386287212371826172e-01,2.109703719615936279e-01,0.000000000000000000e+00
2.564932405948638916e-01,-4.887933731079101562e-01,-5.307919383049011230e-01,7.530583739280700684e-01,-6.258561611175537109e-01,-2.029954344034194946e-01,0.000000000000000000e+00
4.977147877216339111e-01,-5.033886432647705078e-01,4.284063875675201416e-01,7.498327493667602539e-01,-6.347223520278930664e-01,-1.867576092481613159e-01,0.000000000000000000e+00
-2.194309532642364502e-01,3.336015641689300537e-01,-6.213954687118530273e-01,-4.219812154769897461e-01,-1.740615665912628174e-01,-8.897383809089660645e-01,0.000000000000000000e+00
-1.836802214384078979e-01,-2.021849602460861206e-01,7.766860723495483398e-01,9.233164042234420776e-02,2.289198338985443115e-01,9.690565466880798340e-01,0.000000000000000000e+00
-6.637974828481674194e-02,6.318677663803100586e-01,5.060140490531921387e-01,-7.481867074966430664e-01,6.433777213096618652e-01,1.621166169643402100e-01,0.000000000000000000e+00
-6.850732564926147461e-01,2.520724944770336151e-02,1.582298576831817627e-01,-7.538360357284545898e-01,6.320152282714843750e-01,1.796887665987014771e-01,0.000000000000000000e+00
2.078378796577453613e-01,3.117062151432037354e-01,4.387652873992919922e-01,1.214167550206184387e-01,8.117009401321411133e-01,5.713138580322265625e-01,0.000000000000000000e+00
4.903965890407562256e-01,-3.239063024520874023e-01,-1.984541118144989014e-01,7.433370947837829590e-01,-6.334875822067260742e-01,-2.148102074861526489e-01,0.000000000000000000e+00
5.557315349578857422e-01,4.551570713520050049e-01,1.482281833887100220e-01,5.165377259254455566e-01,7.558971643447875977e-01,-4.022540152072906494e-01,0.000000000000000000e+00
-4.055885970592498779e-01,-3.176128864288330078e-01,3.680822253227233887e-01,-2.249970138072967529e-01,-7.855014204978942871e-01,5.765100717544555664e-01,0.000000000000000000e+00
3.826580643653869629e-01,-3.006299734115600586e-01,5.554749369621276855e-01,4.184045195579528809e-01,2.293998003005981445e-01,8.788136243820190430e-01,0.000000000000000000e+00
2.991912662982940674e-01,3.737822771072387695e-01,-3.407328128814697266e-01,5.556674599647521973e-01,7.481961250305175781e-01,-3.625413775444030762e-01,0.000000000000000000e+00
-6.219422444701194763e-02,9.126269817352294922e-02,6.351439356803894043e-01,8.350403308868408203e-01,-1.698817610740661621e-01,5.233047604560852051e-01,0.000000000000000000e+00
3.983560204505920410e-01,-3.059472441673278809e-01,-5.478415489196777344e-01,7.345972657203674316e-01,-6.484923958778381348e-01,-1.995608657598495483e-01,0.000000000000000000e+00
8.654031753540039062e-01,9.595240652561187744e-02,-8.367149531841278076e-02,8.689439892768859863e-01,1.753747165203094482e-01,-4.627959132194519043e-01,0.000000000000000000e+00
4.657711088657379150e-01,2.694506645202636719e-01,-3.066808283329010010e-01,4.491755366325378418e-01,7.894006371498107910e-01,-4.184351563453674316e-01,0.000000000000000000e+00
2.765924632549285889e-01,3.392472267150878906e-01,-4.303691089153289795e-01,5.833086371421813965e-01,7.500811219215393066e-01,-3.116557598114013672e-01,0.000000000000000000e+00
-1.977823227643966675e-01,-1.398540139198303223e-01,-5.425454378128051758e-01,-4.185421764850616455e-01,-1.777479052543640137e-01,-8.906335830688476562e-01,0.000000000000000000e+00
2.195702344179153442e-01,-6.436331272125244141e-01,-1.922542750835418701e-01,8.247574567794799805e-01,-5.573149323463439941e-01,-9.578736871480941772e-02,0.000000000000000000e+00
-3.020887672901153564e-01,9.105771034955978394e-02,-5.272095799446105957e-01,-1.055854484438896179e-01,3.679375946521759033e-01,-9.238363504409790039e-01,0.000000000000000000e+00
-6.368901729583740234e-01,8.100369572639465332e-02,1.636554300785064697e-01,-7.553179264068603516e-01,6.264283061027526855e-01,1.925678849220275879e-01,0.000000000000000000e+00
-9.488958865404129028e-02,-3.351755738258361816e-01,7.383354902267456055e-01,-4.021469950675964355e-01,-6.820688247680664062e-01,6.107862591743469238e-01,0.000000000000000000e+00
1.117204688489437103e-02,-5.736628770828247070e-01,4.336935877799987793e-01,-5.297858715057373047e-01,-7.488074898719787598e-01,3.982640802860260010e-01,0.000000000000000000e+00
-6.723781228065490723e-01,1.678324639797210693e-01,-3.849129378795623779e-01,-5.386943817138671875e-01,-8.321564644575119019e-02,-8.383814692497253418e-01,0.000000000000000000e+00
-1.207897886633872986e-01,6.236678455024957657e-03,6.978879570960998535e-01,3.914479017257690430e-01,1.905989348888397217e-01,9.002447128295898438e-01,0.000000000000000000e+00
-3.195355236530303955e-01,6.492519974708557129e-01,-6.179692149162292480e-01,6.519073247909545898e-02,6.606913805007934570e-01,-7.478215694427490234e-01,0.000000000000000000e+00
3.508381545543670654e-01,-3.464263677597045898e-01,-6.085349321365356445e-01,8.599696159362792969e-01,-3.928288221359252930e-01,-3.257880210876464844e-01,0.000000000000000000e+00
-5.033861398696899414e-01,-1.216240599751472473e-01,6.214875578880310059e-01,-5.365254282951354980e-01,-7.473350763320922852e-01,3.919575810432434082e-01,0.000000000000000000e+00
5.448094010353088379e-01,5.328650400042533875e-02,-6.067398786544799805e-01,5.111665129661560059e-01,7.451155781745910645e-01,-4.283825457096099854e-01,0.000000000000000000e+00
7.306024432182312012e-02,4.192975461483001709e-01,5.351877212524414062e-01,4.136473834514617920e-01,2.162366509437561035e-01,8.843854069709777832e-01,0.000000000000000000e+00
2.297451347112655640e-01,-5.254294276237487793e-01,-5.171937346458435059e-01,7.534866333007812500e-01,-6.253041028976440430e-01,-2.031075805425643921e-01,0.000000000000000000e+00
-6.088729500770568848e-01,1.433994919061660767e-01,-4.100666046142578125e-01,-4.003948569297790527e-01,-1.810760945081710815e-01,-8.982735872268676758e-01,0.000000000000000000e+00
6.857530474662780762e-01,3.549342751502990723e-01,1.147305518388748169e-01,5.228781700134277344e-01,7.330138683319091797e-01,-4.350737035274505615e-01,0.000000000000000000e+00
3.706168234348297119e-01,3.604635596275329590e-01,-2.725204825401306152e-01,5.476043820381164551e-01,7.446627616882324219e-01,-3.815845847129821777e-01,0.000000000000000000e+00
-6.250137090682983398e-01,-1.774567365646362305e-01,-3.457126319408416748e-01,-3.888554275035858154e-01,-1.950248777866363525e-01,-9.004203081130981445e-01,0.000000000000000000e+00
4.583711028099060059e-01,-1.770810931921005249e-01,-7.264271378517150879e-01,7.376781702041625977e-01,-6.431668996810913086e-01,-2.053465098142623901e-01,0.000000000000000000e+00
-2.365816980600357056e-01,-4.897797405719757080e-01,-4.365833699703216553e-01,-3.010704815387725830e-01,-2.700265944004058838e-01,-9.145721197128295898e-01,0.000000000000000000e+00
-2.829608321189880371e-01,5.198367834091186523e-01,-6.276882886886596680e-01,-4.243023097515106201e-01,-1.979743987321853638e-01,-8.836140036582946777e-01,0.000000000000000000e+00
-5.081976652145385742e-01,-2.895315885543823242e-01,-3.665497601032257080e-01,-4.159632921218872070e-01,-2.029709219932556152e-01,-8.864408135414123535e-01,0.000000000000000000e+00
5.750771164894104004e-01,3.932365775108337402e-01,5.890152230858802795e-02,5.447488427162170410e-01,7.258058786392211914e-01,-4.200648665428161621e-01,0.000000000000000000e+00
3.309241235256195068e-01,-4.883197844028472900e-01,-2.567395567893981934e-01,7.384532690048217773e-01,-6.565552949905395508e-01,-1.536941379308700562e-01,0.000000000000000000e+00
6.240018010139465332e-01,2.806263864040374756e-01,3.009508550167083740e-01,5.442132949829101562e-01,9.318551421165466309e-02,8.337556123733520508e-01,0.000000000000000000e+00
-2.251351326704025269e-01,6.648835539817810059e-01,-1.328232437372207642e-01,-7.449059486389160156e-01,6.315307617187500000e-01,2.151372134685516357e-01,0.000000000000000000e+00
-2.049573957920074463e-01,4.384418129920959473e-01,6.234897971153259277e-01,-5.150099992752075195e-01,6.690506339073181152e-01,5.358506441116333008e-01,0.000000000000000000e+00
-1.311799287796020508e-01,-6.939156353473663330e-02,7.187048196792602539e-01,3.922184109687805176e-01,1.982052326202392578e-01,8.982646465301513672e-01,0.000000000000000000e+00
2.591675221920013428e-01,-2.244929224252700806e-01,5.385525822639465332e-01,2.624350488185882568e-01,9.539512991905212402e-01,-1.452749073505401611e-01,0.000000000000000000e+00
5.828595161437988281e-02,-2.773403823375701904e-01,-6.303821206092834473e-01,-4.191384315490722656e-01,-1.941761970520019531e-01,-8.869152069091796875e-01,0.000000000000000000e+00
-8.503925055265426636e-03,-5.249497294425964355e-01,3.436898589134216309e-01,-7.233505249023437500e-01,1.985654383897781372e-01,6.613137125968933105e-01,0.000000000000000000e+00
-2.450666725635528564e-01,5.720794796943664551e-01,-6.472732424736022949e-01,1.701418310403823853e-01,5.215598940849304199e-01,-8.360783457756042480e-01,0.000000000000000000e+00
3.995738029479980469e-01,-4.878187477588653564e-01,5.940776467323303223e-01,3.998153209686279297e-01,2.404490560293197632e-01,8.844953179359436035e-01,0.000000000000000000e+00
-5.573809146881103516e-01,-3.267377316951751709e-01,1.505198031663894653e-01,-5.320970416069030762e-01,-7.531142830848693848e-01,3.868999183177947998e-01,0.000000000000000000e+00
-4.212696850299835205e-01,-5.898376703262329102e-01,-3.355818390846252441e-01,-3.945305347442626953e-01,-2.161300927400588989e-01,-8.931032419204711914e-01,0.000000000000000000e+00
1.648847162723541260e-01,8.042750954627990723e-01,3.049790859222412109e-01,5.661035776138305664e-01,7.418082356452941895e-01,-3.595097064971923828e-01,0.000000000000000000e+00
1.329206675291061401e-01,4.251316562294960022e-02,-7.377662658691406250e-01,-5.425445437431335449e-01,-8.004347234964370728e-02,-8.362048268318176270e-01,0.000000000000000000e+00
-1.876874715089797974e-01,6.980120539665222168e-01,-3.790158927440643311e-01,5.356584787368774414e-01,7.466139793395996094e-01,-3.945092856884002686e-01,0.000000000000000000e+00
-4.845763742923736572e-01,2.511299550533294678e-01,1.963366717100143433e-01,-7.521910667419433594e-01,6.205338239669799805e-01,2.216897457838058472e-01,0.000000000000000000e+00
-5.998669266700744629e-01,1.770967394113540649e-01,-4.208152890205383301e-01,-3.975295126438140869e-01,-1.870188266038894653e-01,-8.983286023139953613e-01,0.000000000000000000e+00
-1.877456903457641602e-01,-1.219500973820686340e-01,7.548473477363586426e-01,3.770234882831573486e-01,1.935202330350875854e-01,9.057611227035522461e-01,0.000000000000000000e+00
3.787550926208496094e-01,-2.470105886459350586e-01,5.369629263877868652e-01,5.072184205055236816e-01,4.733229875564575195e-01,7.202047109603881836e-01,0.000000000000000000e+00
-3.864563107490539551e-01,-4.627257883548736572e-01,1.371496170759201050e-01,-5.260324478149414062e-01,-7.512500286102294922e-01,3.986393213272094727e-01,0.000000000000000000e+00
1.990676969289779663e-01,3.092026114463806152e-01,-5.935080051422119141e-01,5.713980197906494141e-01,7.207610607147216797e-01,-3.924382925033569336e-01,0.000000000000000000e+00
-5.467143654823303223e-01,-1.394328773021697998e-01,5.285114049911499023e-01,-5.325901508331298828e-01,-7.493481040000915527e-01,3.934781849384307861e-01,0.000000000000000000e+00
-7.810571789741516113e-01,-1.097152009606361389e-02,-1.159765943884849548e-01,-7.538685798645019531e-01,6.254562139511108398e-01,2.012128978967666626e-01,0.000000000000000000e+00
5.581826567649841309e-01,-4.285763204097747803e-01,3.644793629646301270e-01,7.325447797775268555e-01,-6.532000303268432617e-01,-1.915930956602096558e-01,0.000000000000000000e+00
3.456645905971527100e-01,3.019225299358367920e-01,-4.092909991741180420e-01,5.630987286567687988e-01,7.094114422798156738e-01,-4.238575994968414307e-01,0.000000000000000000e+00
-3.051183819770812988e-01,-5.479821562767028809e-01,8.275341987609863281e-02,-5.461544394493103027e-01,-7.463461160659790039e-01,3.803718686103820801e-01,0.000000000000000000e+00
-9.301502257585525513e-02,-9.131253957748413086e-01,-3.969259858131408691e-01,-3.005814254283905029e-01,-4.352053403854370117e-01,-8.486737608909606934e-01,0.000000000000000000e+00
-7.574709653854370117e-01,-1.240699067711830139e-01,2.498081922531127930e-01,-8.785430788993835449e-01,-2.451059222221374512e-01,4.099818766117095947e-01,0.000000000000000000e+00
1.620149016380310059e-01,-7.094290852546691895e-01,-2.221443206071853638e-01,7.609196305274963379e-01,-6.189810633659362793e-01,-1.945859640836715698e-01,0.000000000000000000e+00
5.777925252914428711e-01,3.703441619873046875e-01,3.098853826522827148e-01,4.205512404441833496e-01,1.849367767572402954e-01,8.882201313972473145e-01,0.000000000000000000e+00
-7.391642928123474121e-01,-2.493036538362503052e-01,5.988056585192680359e-02,-5.351588726043701172e-01,-7.587782740592956543e-01,3.712957501411437988e-01,0.000000000000000000e+00
4.344944357872009277e-01,2.358568273484706879e-02,-7.973051667213439941e-01,4.982896149158477783e-01,7.637746930122375488e-01,-4.103116989135742188e-01,0.000000000000000000e+00
-7.801732420921325684e-02,7.364896535873413086e-01,1.458240598440170288e-01,-7.458845973014831543e-01,6.327351331710815430e-01,2.080923467874526978e-01,0.000000000000000000e+00
-7.287040948867797852e-01,-1.681440621614456177e-01,-3.031391799449920654e-01,-3.852970302104949951e-01,-1.980142891407012939e-01,-9.012971520423889160e-01,0.000000000000000000e+00
-2.629501521587371826e-01,6.181254386901855469e-01,-6.214306354522705078e-01,2.279048115015029907e-01,6.377459764480590820e-01,-7.357577681541442871e-01,0.000000000000000000e+00
-6.704874634742736816e-01,-1.938872337341308594e-01,2.530683577060699463e-01,-5.372899770736694336e-01,-7.547045350074768066e-01,3.764844238758087158e-01,0.000000000000000000e+00
2.970535159111022949e-01,-6.697067618370056152e-01,6.200071573257446289e-01,-5.073689818382263184e-01,-7.560166120529174805e-01,4.135403335094451904e-01,0.000000000000000000e+00
2.841387689113616943e-01,7.282596230506896973e-01,3.268805146217346191e-01,5.246407985687255859e-01,7.260925173759460449e-01,-4.444566071033477783e-01,0.000000000000000000e+00
-3.133729845285415649e-02,3.574595153331756592e-01,5.942615866661071777e-01,4.001702666282653809e-01,1.847442835569381714e-01,8.976265192031860352e-01,0.000000000000000000e+00
-6.028538942337036133e-01,-4.762975573539733887e-01,-1.741084754467010498e-01,-5.225672721862792969e-01,-7.495609521865844727e-01,4.063025712966918945e-01,0.000000000000000000e+00
2.904849648475646973e-01,-6.531326174736022949e-01,6.392154693603515625e-01,-4.436565637588500977e-01,-7.230904102325439453e-01,5.294422507286071777e-01,0.000000000000000000e+00
7.711718678474426270e-01,2.689986824989318848e-01,7.098969817161560059e-02,5.301472544670104980e-01,7.397457957267761230e-01,-4.143911004066467285e-01,0.000000000000000000e+00
6.297687292098999023e-01,8.786340802907943726e-02,-4.303454458713531494e-01,5.019646286964416504e-01,7.493832111358642578e-01,-4.318059086799621582e-01,0.000000000000000000e+00
3.753708004951477051e-01,3.633869886398315430e-01,4.068169593811035156e-01,4.150265157222747803e-01,1.851288229227066040e-01,8.907751441001892090e-01,0.000000000000000000e+00
-9.718929231166839600e-02,5.911773443222045898e-01,5.186474919319152832e-01,-7.610750198364257812e-01,6.155151724815368652e-01,2.047091424465179443e-01,0.000000000000000000e+00
-1.801668107509613037e-02,-4.196711182594299316e-01,-5.634515881538391113e-01,-4.123709201812744141e-01,-1.915990859270095825e-01,-8.906402587890625000e-01,0.000000000000000000e+00
3.723926544189453125e-01,1.862283609807491302e-02,-8.395508527755737305e-01,-5.601116269826889038e-02,3.502046167850494385e-01,-9.349970221519470215e-01,0.000000000000000000e+00
7.419114112854003906e-01,2.491646409034729004e-01,-9.989785030484199524e-04,5.226361751556396484e-01,7.662159204483032227e-01,-3.738509714603424072e-01,0.000000000000000000e+00
2.231545150279998779e-01,-5.600647330284118652e-01,-4.359894692897796631e-01,7.456278204917907715e-01,-6.338701248168945312e-01,-2.055427432060241699e-01,0.000000000000000000e+00
-1.270647644996643066e-01,-5.870932340621948242e-02,7.145509123802185059e-01,3.922184109687805176e-01,1.982052326202392578e-01,8.982646465301513672e-01,0.000000000000000000e+00
-3.619359433650970459e-01,-1.228262037038803101e-01,-4.684682786464691162e-01,-4.244081377983093262e-01,-1.877926588058471680e-01,-8.857830762863159180e-01,0.000000000000000000e+00
1.957815140485763550e-01,8.158228993415832520e-01,3.696180284023284912e-01,5.813393592834472656e-01,7.513305544853210449e-01,-3.123251199722290039e-01,0.000000000000000000e+00
-6.094840168952941895e-01,-5.205171927809715271e-02,5.906290411949157715e-01,-8.797173500061035156e-01,-2.645141780376434326e-01,3.951324522495269775e-01,0.000000000000000000e+00
-5.745053291320800781e-02,3.771687150001525879e-01,-7.097545266151428223e-01,-3.444387018680572510e-01,-4.226553812623023987e-02,-9.378569126129150391e-01,0.000000000000000000e+00
-2.101291269063949585e-01,-3.138550817966461182e-01,6.348115801811218262e-01,-5.231723785400390625e-01,-7.503734827041625977e-01,4.040176868438720703e-01,0.000000000000000000e+00
-6.731386780738830566e-01,2.076753824949264526e-01,-3.412532508373260498e-01,-7.304231524467468262e-01,6.478567719459533691e-01,2.162490338087081909e-01,0.000000000000000000e+00
6.833127140998840332e-02,7.238134741783142090e-01,4.829982519149780273e-01,3.592252135276794434e-01,2.072152942419052124e-01,9.099555611610412598e-01,0.000000000000000000e+00
2.022389918565750122e-01,7.642402052879333496e-01,4.150508642196655273e-01,4.335062503814697266e-01,1.767998486757278442e-01,8.836368918418884277e-01,0.000000000000000000e+00
4.051881432533264160e-01,-3.876154422760009766e-01,-3.005592823028564453e-01,7.170886397361755371e-01,-6.504558920860290527e-01,-2.503817379474639893e-01,0.000000000000000000e+00
-2.487787157297134399e-01,1.071730330586433411e-01,-5.159667134284973145e-01,-4.362663924694061279e-01,7.184538245201110840e-01,-5.417524576187133789e-01,0.000000000000000000e+00
-2.036199718713760376e-01,-5.592403411865234375e-01,-2.418239600956439972e-03,-4.417262077331542969e-01,-8.289123773574829102e-01,3.431941866874694824e-01,0.000000000000000000e+00
-1.459830850362777710e-01,5.618181824684143066e-01,-5.830149054527282715e-01,5.300417542457580566e-01,7.348981499671936035e-01,-4.230608046054840088e-01,0.000000000000000000e+00
1.257594227790832520e-01,-5.610838532447814941e-01,5.998005270957946777e-01,-5.139393210411071777e-01,-7.514088153839111328e-01,4.138250648975372314e-01,0.000000000000000000e+00
7.354087382555007935e-02,5.235551595687866211e-01,-3.202918767929077148e-01,5.363886356353759766e-01,-1.983547806739807129e-01,-8.203307986259460449e-01,0.000000000000000000e+00
-4.377807378768920898e-01,1.427442729473114014e-01,7.547061443328857422e-01,-7.573526501655578613e-01,6.357145905494689941e-01,1.492779105901718140e-01,0.000000000000000000e+00
8.180816173553466797e-01,4.828029870986938477e-02,-1.704854369163513184e-01,7.184541225433349609e-01,-6.517310142517089844e-01,-2.430439293384552002e-01,0.000000000000000000e+00
-2.778839170932769775e-01,-6.208828687667846680e-01,-2.130071818828582764e-02,-4.605956673622131348e-01,-7.687007784843444824e-01,4.437913596630096436e-01,0.000000000000000000e+00
3.581345081329345703e-01,-4.663220345973968506e-01,-2.340899109840393066e-01,7.361392378807067871e-01,-6.441717743873596191e-01,-2.077059000730514526e-01,0.000000000000000000e+00
-2.538600862026214600e-01,-2.289600372314453125e-01,-4.977683424949645996e-01,-4.154431521892547607e-01,-1.884302943944931030e-01,-8.898882269859313965e-01,0.000000000000000000e+00
-8.013839125633239746e-01,-1.080733910202980042e-01,1.119418665766716003e-01,-7.584194540977478027e-01,6.180148124694824219e-01,2.070208340883255005e-01,0.000000000000000000e+00
7.458680868148803711e-01,5.801789462566375732e-02,2.889942824840545654e-01,4.292428493499755859e-01,2.023483663797378540e-01,8.802304863929748535e-01,0.000000000000000000e+00
3.339897096157073975e-01,-5.722149610519409180e-01,5.459660198539495468e-03,7.468462586402893066e-01,-6.365101933479309082e-01,-1.925498843193054199e-01,0.000000000000000000e+00
5.563080310821533203e-01,-1.879250258207321167e-01,-3.759630322456359863e-01,7.336102128028869629e-01,-6.448878645896911621e-01,-2.143262177705764771e-01,0.000000000000000000e+00
3.055140376091003418e-01,-9.124514460563659668e-02,-7.937774658203125000e-01,-4.531589448451995850e-01,-1.903156042098999023e-01,-8.708770871162414551e-01,0.000000000000000000e+00
-1.108526214957237244e-01,-8.681166172027587891e-01,-2.543389201164245605e-01,-5.262221693992614746e-01,-7.429507970809936523e-01,4.136596918106079102e-01,0.000000000000000000e+00
-4.123948514461517334e-01,4.611105918884277344e-01,-5.548111796379089355e-01,-4.169727861881256104e-01,-1.687870323657989502e-01,-8.931095004081726074e-01,0.000000000000000000e+00
9.359433054924011230e-01,1.437553465366363525e-01,1.787830144166946411e-01,4.409227967262268066e-01,2.346023470163345337e-01,8.663422465324401855e-01,0.000000000000000000e+00
-2.377962619066238403e-01,-7.457742094993591309e-01,-1.932510286569595337e-01,-5.193819999694824219e-01,-7.484413981437683105e-01,4.124049544334411621e-01,0.000000000000000000e+00
-2.447265982627868652e-01,-3.930625617504119873e-01,4.406602680683135986e-01,-5.317037105560302734e-01,-7.640089988708496094e-01,3.654879033565521240e-01,0.000000000000000000e+00
6.324284672737121582e-01,-1.659417711198329926e-02,-5.670275688171386719e-01,8.790917992591857910e-01,-3.340931534767150879e-01,-3.399697244167327881e-01,0.000000000000000000e+00
4.217556416988372803e-01,1.912634819746017456e-01,4.186537563800811768e-01,3.718174397945404053e-01,1.358076035976409912e-01,9.183180928230285645e-01,0.000000000000000000e+00
-1.399206072092056274e-01,6.022043824195861816e-01,3.342382013797760010e-01,-7.457060813903808594e-01,6.309029459953308105e-01,2.142052054405212402e-01,0.000000000000000000e+00
-3.774627298116683960e-02,-3.329824283719062805e-02,-6.361354589462280273e-01,-4.970062077045440674e-01,-3.492963016033172607e-01,-7.943405508995056152e-01,0.000000000000000000e+00
-2.135756462812423706e-01,6.559167504310607910e-01,-6.647701561450958252e-02,-7.449059486389160156e-01,6.315307617187500000e-01,2.151372134685516357e-01,0.000000000000000000e+00
-1.621281206607818604e-01,9.078999981284141541e-03,7.151876688003540039e-01,3.807249665260314941e-01,1.933319568634033203e-01,9.042517542839050293e-01,0.000000000000000000e+00
-2.495965957641601562e-01,6.588556170463562012e-01,-2.030312865972518921e-01,-7.522171139717102051e-01,6.291347146034240723e-01,1.958544403314590454e-01,0.000000000000000000e+00
3.297589123249053955e-01,2.152198255062103271e-01,-3.987020254135131836e-01,4.795190989971160889e-01,-2.142023742198944092e-01,-8.509869575500488281e-01,0.000000000000000000e+00
2.312310338020324707e-01,2.200087010860443115e-01,-7.176920175552368164e-01,4.869214296340942383e-01,7.542834877967834473e-01,-4.404133856296539307e-01,0.000000000000000000e+00
6.878966093063354492e-01,3.570607304573059082e-01,2.520288825035095215e-01,5.976711511611938477e-01,6.592796742916107178e-02,7.990260720252990723e-01,0.000000000000000000e+00
-4.633527696132659912e-01,-2.888170182704925537e-01,-3.868835270404815674e-01,-3.957235515117645264e-01,-2.172148376703262329e-01,-8.923119306564331055e-01,0.000000000000000000e+00
-3.199407756328582764e-01,-5.782060027122497559e-01,5.542918108403682709e-03,-5.224698781967163086e-01,-7.470991611480712891e-01,4.109356105327606201e-01,0.000000000000000000e+00
4.198248982429504395e-01,-2.938537299633026123e-01,-5.075672864913940430e-01,7.319841980934143066e-01,-6.524820327758789062e-01,-1.961283385753631592e-01,0.000000000000000000e+00
-2.914295345544815063e-02,7.687362432479858398e-01,2.188518494367599487e-01,-7.378610372543334961e-01,6.382070779800415039e-01,2.196651101112365723e-01,0.000000000000000000e+00
1.903193444013595581e-01,3.064610362052917480e-01,4.722533226013183594e-01,-7.740499079227447510e-02,9.890899062156677246e-01,1.253381073474884033e-01,0.000000000000000000e+00
-3.051309287548065186e-01,-3.974222838878631592e-01,-4.314165115356445312e-01,-3.896742761135101318e-01,-2.102099955081939697e-01,-8.966413736343383789e-01,0.000000000000000000e+00
5.107084512710571289e-01,5.464740097522735596e-02,4.032783210277557373e-01,2.807515263557434082e-01,5.046936273574829102e-01,8.163717985153198242e-01,0.000000000000000000e+00
1.446588039398193359e-01,7.142620682716369629e-01,1.050889864563941956e-01,5.267288684844970703e-01,7.348122596740722656e-01,-4.273261427879333496e-01,0.000000000000000000e+00
3.621872365474700928e-01,4.195695519447326660e-01,-1.755779087543487549e-01,5.154951214790344238e-01,7.323816418647766113e-01,-4.448392689228057861e-01,0.000000000000000000e+00
1.958927512168884277e-01,4.675549454987049103e-03,5.681606531143188477e-01,4.018902778625488281e-01,1.818941533565521240e-01,8.974400758743286133e-01,0.000000000000000000e+00
5.389424562454223633e-01,-1.441040821373462677e-02,4.098042845726013184e-01,4.196296334266662598e-01,1.968996524810791016e-01,8.860821127891540527e-01,0.000000000000000000e+00
-7.246867418289184570e-01,-3.762696981430053711e-01,-1.742073297500610352e-01,-5.397499203681945801e-01,-7.516155838966369629e-01,3.791359364986419678e-01,0.000000000000000000e+00
-3.800322413444519043e-01,2.375708073377609253e-01,6.517247557640075684e-01,-7.542256116867065430e-01,6.296164393424987793e-01,1.863515228033065796e-01,0.000000000000000000e+00
-1.547229886054992676e-01,6.997631788253784180e-01,5.805174354463815689e-03,-7.412594556808471680e-01,6.338211297988891602e-01,2.209190577268600464e-01,0.000000000000000000e+00
8.091251254081726074e-01,2.724007070064544678e-01,1.270995140075683594e-01,4.576274156570434570e-01,7.743452191352844238e-01,-4.369972646236419678e-01,0.000000000000000000e+00
1.252710819244384766e-01,1.193779185414314270e-01,-7.449661493301391602e-01,-4.103238582611083984e-01,-1.931953579187393188e-01,-8.912406563758850098e-01,0.000000000000000000e+00
-5.213497877120971680e-01,-2.860109321773052216e-02,-4.148705005645751953e-01,-3.949302434921264648e-01,-1.632797718048095703e-01,-9.040850996971130371e-01,0.000000000000000000e+00
-2.697729468345642090e-01,-7.693237662315368652e-01,-3.510285317897796631e-01,-5.307210087776184082e-01,-3.812717497348785400e-01,-7.569458484649658203e-01,0.000000000000000000e+00
6.504220962524414062e-01,-2.759552001953125000e-01,2.283079326152801514e-01,7.428361177444458008e-01,-6.334038376808166504e-01,-2.167811095714569092e-01,0.000000000000000000e+00
-2.347451895475387573e-01,7.083182334899902344e-01,-2.819617092609405518e-01,-7.036372423171997070e-01,6.571154594421386719e-01,2.703588008880615234e-01,0.000000000000000000e+00
5.117244124412536621e-01,-2.314336746931076050e-01,-3.919419646263122559e-01,4.598622024059295654e-01,-7.960895299911499023e-01,-3.934059441089630127e-01,0.000000000000000000e+00
-9.182698726654052734e-01,-2.247396409511566162e-01,-1.413216441869735718e-01,-6.484698653221130371e-01,-6.542280912399291992e-01,3.891946375370025635e-01,0.000000000000000000e+00
-2.425240725278854370e-01,7.052461057901382446e-02,-5.626738667488098145e-01,-4.569634199142456055e-01,-6.629383563995361328e-02,-8.870115876197814941e-01,0.000000000000000000e+00
-2.228122502565383911e-01,5.364396572113037109e-01,1.767531335353851318e-01,-4.351764321327209473e-01,-1.264950186014175415e-01,8.914148807525634766e-01,0.000000000000000000e+00
1.986424773931503296e-01,6.305035352706909180e-01,2.407205849885940552e-02,4.792987108230590820e-01,7.073888778686523438e-01,-5.194937586784362793e-01,0.000000000000000000e+00
-7.619311809539794922e-01,-6.424465775489807129e-02,1.399330943822860718e-01,-7.656692862510681152e-01,6.368646025657653809e-01,9.029946476221084595e-02,0.000000000000000000e+00
-4.663482904434204102e-01,2.778777480125427246e-01,1.815415024757385254e-01,-7.479152679443359375e-01,6.300175786018371582e-01,2.090469598770141602e-01,0.000000000000000000e+00
1.333111375570297241e-01,-6.069710254669189453e-01,-5.707208514213562012e-01,3.372082114219665527e-01,-6.382564902305603027e-01,-6.920399665832519531e-01,0.000000000000000000e+00
-2.622337639331817627e-01,-4.852572977542877197e-01,2.577821016311645508e-01,-5.236096382141113281e-01,-7.513998746871948242e-01,4.015360474586486816e-01,0.000000000000000000e+00
-2.252978831529617310e-01,-6.885116100311279297e-01,-7.229027897119522095e-02,-5.240647792816162109e-01,-7.390536069869995117e-01,4.232681095600128174e-01,0.000000000000000000e+00
-3.022401332855224609e-01,2.505604326725006104e-01,7.271459698677062988e-01,4.148640930652618408e-01,1.268092095851898193e-01,9.010034799575805664e-01,0.000000000000000000e+00
-5.393772721290588379e-01,4.005752205848693848e-01,-4.420936703681945801e-01,-8.903766274452209473e-01,3.715525269508361816e-01,2.630174458026885986e-01,0.000000000000000000e+00
-3.732345402240753174e-01,4.471862316131591797e-01,-8.169553428888320923e-02,-3.042728304862976074e-01,6.571821570396423340e-01,-6.895865797996520996e-01,0.000000000000000000e+00
4.807338118553161621e-01,4.677700698375701904e-01,7.483413070440292358e-02,5.225746035575866699e-01,7.397718429565429688e-01,-4.238554239273071289e-01,0.000000000000000000e+00
2.885512113571166992e-01,5.656366944313049316e-01,3.199920803308486938e-02,-3.496272265911102295e-01,7.502502799034118652e-01,-5.611464381217956543e-01,0.000000000000000000e+00
-1.763082593679428101e-01,-5.821422934532165527e-01,4.759291931986808777e-02,-8.531581163406372070e-01,1.428775936365127563e-01,-5.017042756080627441e-01,0.000000000000000000e+00
2.037319689989089966e-01,-7.264919877052307129e-01,6.699306890368461609e-03,7.542451024055480957e-01,-6.287312507629394531e-01,-1.892388612031936646e-01,0.000000000000000000e+00
-2.159793078899383545e-01,6.524559855461120605e-01,-6.459826231002807617e-02,-7.404674887657165527e-01,6.372700929641723633e-01,2.135292887687683105e-01,0.000000000000000000e+00
2.290317714214324951e-01,-7.446928024291992188e-01,3.968981802463531494e-01,-5.044192671775817871e-01,-7.484560012817382812e-01,4.305517971515655518e-01,0.000000000000000000e+00
4.238639175891876221e-01,3.820981383323669434e-01,-1.610227823257446289e-01,4.958088099956512451e-01,7.395718097686767578e-01,-4.552001655101776123e-01,0.000000000000000000e+00
1.500539947301149368e-02,-7.467948794364929199e-01,1.300782561302185059e-01,-5.221273899078369141e-01,-7.423707842826843262e-01,4.198435842990875244e-01,0.000000000000000000e+00
4.072751998901367188e-01,2.430037260055541992e-01,4.166041612625122070e-01,4.175897538661956787e-01,1.838858425617218018e-01,8.898341655731201172e-01,0.000000000000000000e+00
-5.858678743243217468e-02,-4.811019897460937500e-01,5.200872421264648438e-01,-5.254786014556884766e-01,-7.504656910896301270e-01,4.008410274982452393e-01,0.000000000000000000e+00
-1.753551810979843140e-01,7.258571386337280273e-01,-2.963101863861083984e-01,2.987831830978393555e-02,9.987562894821166992e-01,-3.991436958312988281e-02,0.000000000000000000e+00
3.210089802742004395e-01,-1.299440413713455200e-01,-7.933831810951232910e-01,-4.531589448451995850e-01,-1.903156042098999023e-01,-8.708770871162414551e-01,0.000000000000000000e+00
5.440062284469604492e-01,-1.842607557773590088e-01,-4.209083616733551025e-01,6.747117042541503906e-01,-6.624547243118286133e-01,-3.254503011703491211e-01,0.000000000000000000e+00
7.176068425178527832e-01,-5.370464641600847244e-03,-3.667790293693542480e-01,7.410280108451843262e-01,-6.370975971221923828e-01,-2.120947092771530151e-01,0.000000000000000000e+00
-2.913720607757568359e-01,4.899079203605651855e-01,1.552413851022720337e-01,-6.817529201507568359e-01,7.102401256561279297e-01,1.754193305969238281e-01,0.000000000000000000e+00
-3.154299259185791016e-01,-2.928372919559478760e-01,5.342276692390441895e-01,-5.486595034599304199e-01,-7.234544754028320312e-01,4.190303087234497070e-01,0.000000000000000000e+00
2.259057201445102692e-02,-7.414428591728210449e-01,-4.907723963260650635e-01,-1.680964082479476929e-01,-3.660277426242828369e-01,-9.152962565422058105e-01,0.000000000000000000e+00
3.740644827485084534e-02,2.900981903076171875e-01,5.774344205856323242e-01,4.009822010993957520e-01,1.841713935136795044e-01,8.973818421363830566e-01,0.000000000000000000e+00
1.132602244615554810e-01,3.345567286014556885e-01,5.348065495491027832e-01,3.811164796352386475e-01,1.918765455484390259e-01,9.043968319892883301e-01,0.000000000000000000e+00
6.910855174064636230e-01,-2.631242573261260986e-01,3.318823575973510742e-01,7.441200613975524902e-01,-6.349087953567504883e-01,-2.077886909246444702e-01,0.000000000000000000e+00
-4.157308340072631836e-01,5.674864053726196289e-01,-5.669785141944885254e-01,-7.617511749267578125e-01,2.145918607711791992e-01,-6.112982034683227539e-01,0.000000000000000000e+00
9.387177973985671997e-02,-6.607009768486022949e-01,3.813075125217437744e-01,-5.179491043090820312e-01,-7.429475188255310059e-01,4.239784479141235352e-01,0.000000000000000000e+00
-1.650837063789367676e-02,6.697552204132080078e-01,-2.040239870548248291e-01,5.069549083709716797e-01,7.636467814445495605e-01,-3.998003900051116943e-01,0.000000000000000000e+00
3.975152373313903809e-01,3.313646912574768066e-01,4.030176103115081787e-01,4.161926507949829102e-01,1.801207810640335083e-01,8.912576436996459961e-01,0.000000000000000000e+00
-5.435045361518859863e-01,-1.349949985742568970e-01,-3.885632157325744629e-01,-2.913883030414581299e-01,-1.016859784722328186e-01,-9.511849284172058105e-01,0.000000000000000000e+00
4.982645511627197266e-01,1.076022461056709290e-01,-5.661456584930419922e-01,4.526384472846984863e-01,7.585580348968505859e-01,-4.687303602695465088e-01,0.000000000000000000e+00
-3.047191500663757324e-01,6.336662173271179199e-01,-2.996678054332733154e-01,-7.474960088729858398e-01,6.281984448432922363e-01,2.159083634614944458e-01,0.000000000000000000e+00
-1.705483943223953247e-01,-4.145864862948656082e-03,-5.824601054191589355e-01,-4.153487682342529297e-01,-1.651800125837326050e-01,-8.945395350456237793e-01,0.000000000000000000e+00
4.156329631805419922e-01,-5.265126228332519531e-01,2.034598439931869507e-01,7.004525661468505859e-01,-5.701950788497924805e-01,-4.292362332344055176e-01,0.000000000000000000e+00
-5.942568182945251465e-01,4.334312304854393005e-02,4.493361711502075195e-01,-7.228379845619201660e-01,6.414792537689208984e-01,2.569233477115631104e-01,0.000000000000000000e+00
2.936969995498657227e-01,5.583546683192253113e-02,-8.202676773071289062e-01,-3.121090829372406006e-01,-6.338810920715332031e-02,-9.479292631149291992e-01,0.000000000000000000e+00
-2.117341160774230957e-01,-6.252271123230457306e-03,-5.629199147224426270e-01,-4.191139638423919678e-01,-1.796333640813827515e-01,-8.899861574172973633e-01,0.000000000000000000e+00
-6.542650461196899414e-01,-2.156108766794204712e-01,2.327758669853210449e-01,-5.426234602928161621e-01,-7.482856512069702148e-01,3.816128969192504883e-01,0.000000000000000000e+00
-6.017302274703979492e-01,7.666151970624923706e-02,3.164384365081787109e-01,-7.551135420799255371e-01,6.285501718521118164e-01,1.863550394773483276e-01,0.000000000000000000e+00
3.955241739749908447e-01,5.206763148307800293e-01,6.134567037224769592e-02,4.686805307865142822e-01,7.966922521591186523e-01,-3.816018700599670410e-01,0.000000000000000000e+00
-3.521105647087097168e-01,6.668420433998107910e-01,-5.469110608100891113e-01,-7.441069483757019043e-01,6.290735602378845215e-01,2.248806357383728027e-01,0.000000000000000000e+00
-2.360034734010696411e-01,5.116967558860778809e-01,2.861081361770629883e-01,-7.263938188552856445e-01,6.813434362411499023e-01,9.012863785028457642e-02,0.000000000000000000e+00
4.111213386058807373e-01,-2.543213367462158203e-01,-6.601197719573974609e-01,7.420596480369567871e-01,-6.370154619216918945e-01,-2.087074965238571167e-01,0.000000000000000000e+00
-1.669393181800842285e-01,-8.340708613395690918e-01,-2.645841836929321289e-01,-5.271555781364440918e-01,-7.427978515625000000e-01,4.127448201179504395e-01,0.000000000000000000e+00
-2.078578621149063110e-01,6.224806308746337891e-01,5.036174878478050232e-02,-7.393242120742797852e-01,6.371534466743469238e-01,2.177961021661758423e-01,0.000000000000000000e+00
6.560455560684204102e-01,-2.940094172954559326e-01,4.103798270225524902e-01,6.698395013809204102e-01,-1.068354249000549316e-01,7.347797155380249023e-01,0.000000000000000000e+00
-5.733730792999267578e-01,2.393292933702468872e-01,-8.559588342905044556e-02,-7.477762699127197266e-01,6.316919326782226562e-01,2.044404000043869019e-01,0.000000000000000000e+00
3.829679489135742188e-01,-2.899212390184402466e-02,-8.458957076072692871e-01,-4.290633499622344971e-01,-1.888308376073837280e-01,-8.833162188529968262e-01,0.000000000000000000e+00
-3.277368843555450439e-02,-5.365460515022277832e-01,-5.236497521400451660e-01,-6.308771967887878418e-01,-5.652419924736022949e-01,-5.315030813217163086e-01,0.000000000000000000e+00
-1.953165978193283081e-01,-7.184143662452697754e-01,-8.877705782651901245e-02,-5.251955986022949219e-01,-7.471694350242614746e-01,4.073173999786376953e-01,0.000000000000000000e+00
2.589732967317104340e-02,4.379438236355781555e-02,-6.828652620315551758e-01,-4.181541204452514648e-01,-1.872898638248443604e-01,-8.888586163520812988e-01,0.000000000000000000e+00
-3.977378904819488525e-01,-3.621006906032562256e-01,3.082307875156402588e-01,-5.302138328552246094e-01,-7.399320006370544434e-01,4.139733612537384033e-01,0.000000000000000000e+00
1.993960738182067871e-01,-4.211111664772033691e-01,6.687075495719909668e-01,4.123599529266357422e-01,2.276909202337265015e-01,8.821088671684265137e-01,0.000000000000000000e+00
-4.546663463115692139e-01,-1.396213322877883911e-01,-3.645137846469879150e-01,-4.334579408168792725e-01,-2.873942852020263672e-01,-8.541187047958374023e-01,0.000000000000000000e+00
-1.115654259920120239e-01,-9.047481417655944824e-01,-3.897543251514434814e-01,-6.234036087989807129e-01,-5.682095289230346680e-01,-5.371274352073669434e-01,0.000000000000000000e+00
-8.387541770935058594e-02,5.732039362192153931e-02,6.707748770713806152e-01,3.965006768703460693e-01,1.901492923498153687e-01,8.981260657310485840e-01,0.000000000000000000e+00
4.685944020748138428e-01,5.791692137718200684e-01,2.657630443572998047e-01,5.733919739723205566e-01,7.093752622604370117e-01,-4.098882973194122314e-01,0.000000000000000000e+00
-8.080974221229553223e-02,-4.101301729679107666e-01,6.227037906646728516e-01,-5.181425213813781738e-01,-7.551421523094177246e-01,4.016075730323791504e-01,0.000000000000000000e+00
-7.051840424537658691e-01,-3.716585040092468262e-02,-3.424004316329956055e-01,-3.875433504581451416e-01,-2.041203379631042480e-01,-8.989688754081726074e-01,0.000000000000000000e+00
-6.993073821067810059e-01,-2.262907475233078003e-01,1.482706069946289062e-01,-5.489820241928100586e-01,-7.473296523094177246e-01,3.743221759796142578e-01,0.000000000000000000e+00
6.633813381195068359e-01,-3.174822777509689331e-02,3.513440191745758057e-01,5.109269022941589355e-01,3.414303660392761230e-01,7.889099717140197754e-01,0.000000000000000000e+00
2.567235529422760010e-01,-4.230307936668395996e-01,-6.756735444068908691e-01,1.494054347276687622e-01,-5.360051393508911133e-01,-8.308889865875244141e-01,0.000000000000000000e+00
-1.427575498819351196e-01,5.188173651695251465e-01,5.872027873992919922e-01,-4.654644727706909180e-01,6.579861640930175781e-01,5.919434428215026855e-01,0.000000000000000000e+00
3.813474178314208984e-01,-2.469704002141952515e-01,-7.656872868537902832e-01,6.310962438583374023e-01,-6.744704842567443848e-01,-3.831541240215301514e-01,0.000000000000000000e+00
3.700490593910217285e-01,-1.423121392726898193e-01,-8.156899809837341309e-01,-4.273170232772827148e-01,-1.820878237485885620e-01,-8.855756521224975586e-01,0.000000000000000000e+00
6.416848897933959961e-01,-3.277427852153778076e-01,3.523238599300384521e-01,7.468790411949157715e-01,-6.292788386344909668e-01,-2.148950099945068359e-01,0.000000000000000000e+00
-2.685098350048065186e-01,1.984304189682006836e-01,7.219766378402709961e-01,3.815436363220214844e-01,1.844495236873626709e-01,9.057609438896179199e-01,0.000000000000000000e+00
2.574699819087982178e-01,2.431000918149948120e-01,4.868402183055877686e-01,4.146520197391510010e-01,1.945362240076065063e-01,8.889428377151489258e-01,0.000000000000000000e+00
2.904736697673797607e-01,7.211555838584899902e-01,3.761652112007141113e-01,6.741902232170104980e-01,5.149149298667907715e-01,5.294621586799621582e-01,0.000000000000000000e+00
1.960739642381668091e-01,7.129457592964172363e-01,1.759882718324661255e-01,5.597766041755676270e-01,7.451040148735046387e-01,-3.625881969928741455e-01,0.000000000000000000e+00
4.569020867347717285e-01,-2.426280528306961060e-01,4.997507929801940918e-01,4.162975549697875977e-01,2.142139375209808350e-01,8.836338520050048828e-01,0.000000000000000000e+00
-3.198120594024658203e-01,5.252228379249572754e-01,-4.764276370406150818e-02,-7.490530014038085938e-01,6.278703808784484863e-01,2.114198952913284302e-01,0.000000000000000000e+00
-3.032491207122802734e-01,-6.489862501621246338e-02,-5.082601308822631836e-01,-4.233635663986206055e-01,-1.815127730369567871e-01,-8.875902295112609863e-01,0.000000000000000000e+00
-6.108866333961486816e-01,2.190135121345520020e-01,-1.590219885110855103e-01,-7.406096458435058594e-01,6.386254429817199707e-01,2.089376151561737061e-01,0.000000000000000000e+00
-2.342340201139450073e-01,7.211865782737731934e-01,-3.474313616752624512e-01,-2.003663629293441772e-01,9.757608771324157715e-01,-8.800000697374343872e-02,0.000000000000000000e+00
3.176263272762298584e-01,-4.754351377487182617e-01,6.277370452880859375e-01,4.043683111667633057e-01,2.038536220788955688e-01,8.915884494781494141e-01,0.000000000000000000e+00
-2.540564537048339844e-01,4.621423780918121338e-02,7.472063302993774414e-01,3.844934999942779541e-01,1.875868141651153564e-01,9.038671851158142090e-01,0.000000000000000000e+00
4.853923991322517395e-02,7.839292883872985840e-01,1.045790836215019226e-01,5.881689190864562988e-01,6.954001784324645996e-01,-4.128873646259307861e-01,0.000000000000000000e+00
4.337677955627441406e-01,-4.147181510925292969e-01,5.601710081100463867e-01,4.027808606624603271e-01,2.100629806518554688e-01,8.908653855323791504e-01,0.000000000000000000e+00
-3.319332301616668701e-01,2.960126698017120361e-01,6.120399236679077148e-01,-7.513611912727355957e-01,6.298931241035461426e-01,1.967002749443054199e-01,0.000000000000000000e+00
7.592425346374511719e-01,-9.635457396507263184e-02,5.805458128452301025e-02,7.391392588615417480e-01,-6.370909810066223145e-01,-2.186050713062286377e-01,0.000000000000000000e+00
-5.093818306922912598e-01,-1.114424020051956177e-01,6.326824426651000977e-01,-5.375021696090698242e-01,-7.468472123146057129e-01,3.915490210056304932e-01,0.000000000000000000e+00
6.861089169979095459e-02,7.405044436454772949e-01,4.790869951248168945e-01,3.592252135276794434e-01,2.072152942419052124e-01,9.099555611610412598e-01,0.000000000000000000e+00
9.411916136741638184e-02,-3.101194202899932861e-01,6.851677298545837402e-01,3.917309939861297607e-01,2.056823372840881348e-01,8.967951536178588867e-01,0.000000000000000000e+00
-6.689446568489074707e-01,-2.716716192662715912e-02,-3.592901527881622314e-01,-3.676486015319824219e-01,-1.396982818841934204e-01,-9.194122552871704102e-01,0.000000000000000000e+00
-1.041490733623504639e-01,2.930695116519927979e-01,6.402664184570312500e-01,4.121295809745788574e-01,1.867091506719589233e-01,8.917897343635559082e-01,0.000000000000000000e+00
3.392901718616485596e-01,5.596091747283935547e-01,3.893149197101593018e-01,5.310165882110595703e-01,4.593278467655181885e-02,8.461155891418457031e-01,0.000000000000000000e+00
-4.489032328128814697e-01,2.151526510715484619e-01,4.507909715175628662e-01,-7.407115697860717773e-01,6.507661342620849609e-01,1.668826192617416382e-01,0.000000000000000000e+00
-1.587256491184234619e-01,6.177347302436828613e-01,2.207584232091903687e-01,-7.579014897346496582e-01,6.178843975067138672e-01,2.092944532632827759e-01,0.000000000000000000e+00
7.316563278436660767e-02,4.224442243576049805e-01,-3.262563049793243408e-01,-4.714285135269165039e-01,7.684003114700317383e-01,-4.328003525733947754e-01,0.000000000000000000e+00
8.652952313423156738e-01,-2.337768860161304474e-02,2.020445168018341064e-01,7.221702933311462402e-01,-6.567383408546447754e-01,-2.171745300292968750e-01,0.000000000000000000e+00
-5.258304998278617859e-02,-4.338080883026123047e-01,6.149483323097229004e-01,-5.215420126914978027e-01,-7.485467195510864258e-01,4.094773828983306885e-01,0.000000000000000000e+00
9.545668959617614746e-01,1.044582650065422058e-01,1.470494419336318970e-01,8.154518604278564453e-01,-5.657376646995544434e-01,1.223894953727722168e-01,0.000000000000000000e+00
-5.978002399206161499e-02,7.687543034553527832e-01,1.120129600167274475e-01,-7.408695220947265625e-01,6.473819613456726074e-01,1.789104193449020386e-01,0.000000000000000000e+00
6.655441969633102417e-02,1.190777048468589783e-01,-7.177392244338989258e-01,-4.100624620914459229e-01,-1.856174468994140625e-01,-8.929697275161743164e-01,0.000000000000000000e+00
2.813753783702850342e-01,7.415682673454284668e-01,3.525463342666625977e-01,6.226013898849487305e-01,7.804300785064697266e-01,-5.741456523537635803e-02,0.000000000000000000e+00
-2.818104028701782227e-01,1.675929427146911621e-01,-5.038439631462097168e-01,1.441738307476043701e-01,-4.343371689319610596e-01,-8.891373276710510254e-01,0.000000000000000000e+00
-4.020138680934906006e-01,1.948274821043014526e-01,3.838629424571990967e-01,-9.156447052955627441e-01,3.296154737472534180e-01,2.301052957773208618e-01,0.000000000000000000e+00
6.920825839042663574e-01,1.795362383127212524e-01,-1.833605915307998657e-01,5.409391522407531738e-01,7.344177365303039551e-01,-4.098967909812927246e-01,0.000000000000000000e+00
-7.442378401756286621e-01,9.040449559688568115e-02,-2.907840311527252197e-01,-7.688696980476379395e-01,5.971990823745727539e-01,2.284570187330245972e-01,0.000000000000000000e+00
1.273958683013916016e-01,4.573021531105041504e-01,-4.038888514041900635e-01,4.886585474014282227e-01,8.413136601448059082e-01,-2.310933321714401245e-01,0.000000000000000000e+00
-2.328494340181350708e-01,2.731727361679077148e-01,7.012991905212402344e-01,3.128561377525329590e-01,1.803419366478919983e-02,9.496293067932128906e-01,0.000000000000000000e+00
5.552107691764831543e-01,-4.220280647277832031e-01,4.955729246139526367e-01,8.772322535514831543e-01,-1.664887070655822754e-01,4.502722024917602539e-01,0.000000000000000000e+00
5.579058527946472168e-01,-2.449156790971755981e-01,-1.884103119373321533e-01,6.631403565406799316e-01,-7.340245246887207031e-01,-1.464678943157196045e-01,0.000000000000000000e+00
7.412554025650024414e-01,-1.497213840484619141e-01,1.555238366127014160e-01,7.302820682525634766e-01,-6.471471190452575684e-01,-2.188349068164825439e-01,0.000000000000000000e+00
2.998004555702209473e-01,6.616126298904418945e-01,2.153940051794052124e-01,4.967342913150787354e-01,7.763416171073913574e-01,-3.880060613155364990e-01,0.000000000000000000e+00
1.894948654808104038e-03,-8.674977421760559082e-01,-3.385081589221954346e-01,7.489786148071289062e-01,-6.346103549003601074e-01,-1.905273944139480591e-01,0.000000000000000000e+00
5.754852890968322754e-01,-1.685715168714523315e-01,-3.679272830486297607e-01,7.379724979400634766e-01,-6.406243443489074707e-01,-2.121250778436660767e-01,0.000000000000000000e+00
1.190059557557106018e-01,-6.206827163696289062e-01,4.838384985923767090e-01,-5.155823230743408203e-01,-7.486419677734375000e-01,4.167854189872741699e-01,0.000000000000000000e+00
-1.135460287332534790e-01,2.737751603126525879e-02,6.896859407424926758e-01,3.938687145709991455e-01,2.144723534584045410e-01,8.937947750091552734e-01,0.000000000000000000e+00
-6.602352857589721680e-01,1.886468529701232910e-01,-3.946976065635681152e-01,-5.078018307685852051e-01,-8.835075050592422485e-02,-8.569313883781433105e-01,0.000000000000000000e+00
8.182970434427261353e-02,4.498602747917175293e-01,-4.814782738685607910e-01,5.489942431449890137e-01,7.475017309188842773e-01,-3.739604651927947998e-01,0.000000000000000000e+00
5.381873250007629395e-01,-3.066783249378204346e-01,-7.885611057281494141e-02,7.483544945716857910e-01,-6.329476237297058105e-01,-1.983504146337509155e-01,0.000000000000000000e+00
-6.358161568641662598e-01,-4.063638746738433838e-01,-2.855559587478637695e-01,-2.429186552762985229e-01,-3.282366693019866943e-01,-9.128259420394897461e-01,0.000000000000000000e+00
-8.626102209091186523e-01,-1.793893724679946899e-01,-2.453987449407577515e-01,-3.602743148803710938e-01,-1.984733194112777710e-01,-9.114882349967956543e-01,0.000000000000000000e+00
-2.050957381725311279e-01,-5.053418278694152832e-01,2.936149835586547852e-01,-5.187599658966064453e-01,-7.519131898880004883e-01,4.068349003791809082e-01,0.000000000000000000e+00
-8.296504020690917969e-01,-6.825295090675354004e-02,-1.201314255595207214e-01,-7.547736763954162598e-01,6.241565942764282227e-01,2.018547058105468750e-01,0.000000000000000000e+00
6.486053466796875000e-01,-6.449795514345169067e-02,-4.273924827575683594e-01,7.343247532844543457e-01,-6.437648534774780273e-01,-2.152532786130905151e-01,0.000000000000000000e+00
-4.103993773460388184e-01,3.087103962898254395e-01,2.860572040081024170e-01,-7.457857131958007812e-01,6.329635977745056152e-01,2.077514827251434326e-01,0.000000000000000000e+00
-2.469859868288040161e-01,5.767266079783439636e-02,7.416746616363525391e-01,3.969181180000305176e-01,1.969751119613647461e-01,8.964691162109375000e-01,0.000000000000000000e+00
5.909893512725830078e-01,4.830501973628997803e-02,-5.580458045005798340e-01,5.397160053253173828e-01,7.450886964797973633e-01,-3.918538689613342285e-01,0.000000000000000000e+00
2.871354818344116211e-01,4.843786824494600296e-03,-8.062574863433837891e-01,-4.363851547241210938e-01,-1.967179179191589355e-01,-8.779920339584350586e-01,0.000000000000000000e+00
-3.118755817413330078e-01,5.496583580970764160e-01,-9.260949492454528809e-02,-7.469922900199890137e-01,6.308453083038330078e-01,2.098493725061416626e-01,0.000000000000000000e+00
6.569562554359436035e-01,1.587732285261154175e-01,-2.680410444736480713e-01,5.365145206451416016e-01,7.378027439117431641e-01,-4.096331000328063965e-01,0.000000000000000000e+00
5.168592333793640137e-01,-3.253588676452636719e-01,-9.895940870046615601e-02,7.411192655563354492e-01,-6.395051479339599609e-01,-2.043902873992919922e-01,0.000000000000000000e+00
3.216448426246643066e-02,7.514232397079467773e-01,2.352765016257762909e-02,5.002671480178833008e-01,7.478368282318115234e-01,-4.364319443702697754e-01,0.000000000000000000e+00
-1.219209805130958557e-01,6.922035813331604004e-01,1.278412789106369019e-01,-7.025879025459289551e-01,6.445999741554260254e-01,3.014317154884338379e-01,0.000000000000000000e+00
5.013110637664794922e-01,6.359159946441650391e-02,3.834670782089233398e-01,-5.155940353870391846e-02,9.817963838577270508e-01,1.828045845031738281e-01,0.000000000000000000e+00
4.192613363265991211e-01,6.138082742691040039e-01,2.669202983379364014e-01,4.821213483810424805e-01,7.468602061271667480e-01,-4.579943716526031494e-01,0.000000000000000000e+00
8.282970786094665527e-01,4.722595959901809692e-02,-1.367605477571487427e-01,7.401630282402038574e-01,-6.397087574005126953e-01,-2.071988284587860107e-01,0.000000000000000000e+00
3.217763602733612061e-01,-5.822178125381469727e-01,-9.089392609894275665e-03,7.505418062210083008e-01,-6.329814195632934570e-01,-1.897933185100555420e-01,0.000000000000000000e+00
-1.287054121494293213e-01,1.776245087385177612e-01,-6.371366977691650391e-01,-4.186620116233825684e-01,-1.785619705915451050e-01,-8.904143571853637695e-01,0.000000000000000000e+00
-3.625852763652801514e-01,3.339205384254455566e-01,3.859641551971435547e-01,-7.400302886962890625e-01,6.386287212371826172e-01,2.109703719615936279e-01,0.000000000000000000e+00
1.681076884269714355e-01,3.968846797943115234e-01,4.914359748363494873e-01,3.876571655273437500e-01,-3.079264760017395020e-01,8.688516616821289062e-01,0.000000000000000000e+00
7.581604719161987305e-01,-1.514952182769775391e-01,2.316398322582244873e-01,6.528466939926147461e-01,-7.412333488464355469e-01,-1.560908704996109009e-01,0.000000000000000000e+00
-2.348811179399490356e-01,-2.401132136583328247e-01,7.399995923042297363e-01,-5.156250000000000000e-01,-7.616811990737915039e-01,3.923934102058410645e-01,0.000000000000000000e+00
-4.282914102077484131e-01,-4.390514492988586426e-01,-3.674106597900390625e-01,-3.942709565162658691e-01,-2.114385366439819336e-01,-8.943400382995605469e-01,0.000000000000000000e+00
2.849135398864746094e-01,5.582703948020935059e-01,2.460027299821376801e-02,-4.436479210853576660e-01,6.612190008163452148e-01,-6.049512028694152832e-01,0.000000000000000000e+00
1.574706584215164185e-01,-7.711471319198608398e-01,2.658038139343261719e-01,-5.247755646705627441e-01,-7.400081157684326172e-01,4.207120537757873535e-01,0.000000000000000000e+00
1.482917070388793945e-01,3.512270450592041016e-01,-5.801993012428283691e-01,5.541347861289978027e-01,7.185816764831542969e-01,-4.202083349227905273e-01,0.000000000000000000e+00
-3.686413764953613281e-01,1.001427620649337769e-01,-5.095576047897338867e-01,-4.079720079898834229e-01,-1.748525351285934448e-01,-8.960945606231689453e-01,0.000000000000000000e+00
1.344145182520151138e-02,-4.118703305721282959e-01,7.238869667053222656e-01,-3.151788115501403809e-01,-5.962319970130920410e-01,7.383561134338378906e-01,0.000000000000000000e+00
-9.913519024848937988e-02,-5.739504098892211914e-01,-4.784278869628906250e-01,-4.110803008079528809e-01,-2.117029726505279541e-01,-8.866763114929199219e-01,0.000000000000000000e+00
-3.903994560241699219e-01,3.678223192691802979e-01,1.811245232820510864e-01,-7.452933192253112793e-01,6.329551339149475098e-01,2.095366120338439941e-01,0.000000000000000000e+00
-2.169883102178573608e-01,1.825011223554611206e-01,-5.950091481208801270e-01,-6.096453070640563965e-01,-1.129691004753112793e-01,-7.845830321311950684e-01,0.000000000000000000e+00
6.073160171508789062e-01,-2.806178629398345947e-01,9.063003212213516235e-02,7.377507090568542480e-01,-6.412835121154785156e-01,-2.109013199806213379e-01,0.000000000000000000e+00
1.634927652776241302e-02,-8.565371632575988770e-01,-3.177528083324432373e-01,7.633805871009826660e-01,-6.168451905250549316e-01,-1.917083859443664551e-01,0.000000000000000000e+00
4.612111486494541168e-03,3.173640072345733643e-01,-7.284243106842041016e-01,-4.089527428150177002e-01,-1.696024239063262939e-01,-8.966563940048217773e-01,0.000000000000000000e+00
-6.783312559127807617e-01,1.194929182529449463e-01,-1.370881944894790649e-01,-7.411044239997863770e-01,6.372819542884826660e-01,2.112722247838973999e-01,0.000000000000000000e+00
-1.937738806009292603e-01,7.212936878204345703e-01,-3.335559964179992676e-01,1.438249200582504272e-01,9.766267538070678711e-01,-1.597326397895812988e-01,0.000000000000000000e+00
-3.732235133647918701e-01,6.210202723741531372e-02,-5.000486969947814941e-01,-4.079720079898834229e-01,-1.748525351285934448e-01,-8.960945606231689453e-01,0.000000000000000000e+00
1.807385683059692383e-01,-7.350904345512390137e-01,-5.810399726033210754e-02,7.524696588516235352e-01,-6.331089735031127930e-01,-1.815558075904846191e-01,0.000000000000000000e+00
-1.237753033638000488e-01,-3.887123167514801025e-01,6.070072650909423828e-01,-5.239717364311218262e-01,-7.563358545303344727e-01,3.916754722595214844e-01,0.000000000000000000e+00
-3.270881474018096924e-01,6.087390184402465820e-01,-3.038320839405059814e-01,-7.472907900810241699e-01,6.254137754440307617e-01,2.245309203863143921e-01,0.000000000000000000e+00
-4.307049512863159180e-01,-5.621821284294128418e-01,-3.378642201423645020e-01,-3.898230493068695068e-01,-2.058747112751007080e-01,-8.975820541381835938e-01,0.000000000000000000e+00
-6.066951155662536621e-01,1.609699055552482605e-02,4.939418733119964600e-01,-7.704020142555236816e-01,6.274144053459167480e-01,1.132779195904731750e-01,0.000000000000000000e+00
-2.087455391883850098e-01,-5.220399498939514160e-01,2.581829428672790527e-01,-5.223925709724426270e-01,-7.485291957855224609e-01,4.084238111972808838e-01,0.000000000000000000e+00
2.940586805343627930e-01,-6.049685478210449219e-01,-4.285578429698944092e-02,7.505504488945007324e-01,-6.331732869148254395e-01,-1.891179382801055908e-01,0.000000000000000000e+00
2.688788771629333496e-01,-4.565121233463287354e-01,-5.850988030433654785e-01,7.527919411659240723e-01,-6.274577975273132324e-01,-1.990000158548355103e-01,0.000000000000000000e+00
1.994929462671279907e-01,-2.767574600875377655e-02,5.730901956558227539e-01,4.045464396476745605e-01,1.803990900516510010e-01,8.965480327606201172e-01,0.000000000000000000e+00
3.641259968280792236e-01,3.375886082649230957e-01,-3.241446614265441895e-01,4.891293048858642578e-01,7.532197237014770508e-01,-4.397870302200317383e-01,0.000000000000000000e+00
6.909742951393127441e-01,4.982944577932357788e-03,3.281744420528411865e-01,4.290664792060852051e-01,2.118716090917587280e-01,8.780730962753295898e-01,0.000000000000000000e+00
-1.993788778781890869e-02,4.431954026222229004e-01,-6.279030442237854004e-01,4.243856370449066162e-01,8.213158845901489258e-01,-3.812308907508850098e-01,0.000000000000000000e+00
7.371007204055786133e-01,1.775213330984115601e-01,2.660237848758697510e-01,4.281125366687774658e-01,1.993752270936965942e-01,8.814585804939270020e-01,0.000000000000000000e+00
4.816548824310302734e-01,-2.240645140409469604e-01,-5.021352171897888184e-01,7.434592247009277344e-01,-6.371095776557922363e-01,-2.033709734678268433e-01,0.000000000000000000e+00
1.498361974954605103e-01,7.737352848052978516e-01,2.289380729198455811e-01,5.645844936370849609e-01,7.193366885185241699e-01,-4.047209620475769043e-01,0.000000000000000000e+00
3.278281539678573608e-02,4.120714366436004639e-01,-3.475282192230224609e-01,3.540816530585289001e-02,9.175982475280761719e-01,3.959289491176605225e-01,0.000000000000000000e+00
6.554366648197174072e-02,-2.749034669250249863e-03,6.245222091674804688e-01,4.293882548809051514e-01,2.675907313823699951e-01,8.625664710998535156e-01,0.000000000000000000e+00
-1.911136806011199951e-01,-5.754900574684143066e-01,5.800816789269447327e-02,-3.187756538391113281e-01,-4.402301311492919922e-01,-8.393923640251159668e-01,0.000000000000000000e+00
3.671273589134216309e-01,3.921768069267272949e-01,-2.222461402416229248e-01,5.228218436241149902e-01,7.812429666519165039e-01,-3.410524725914001465e-01,0.000000000000000000e+00
-6.017801165580749512e-01,2.891408205032348633e-01,-3.334132432937622070e-01,-7.470403909683227539e-01,6.305955052375793457e-01,2.104280292987823486e-01,0.000000000000000000e+00
-3.571136295795440674e-01,3.507762253284454346e-01,3.541850149631500244e-01,-7.423242330551147461e-01,6.363117098808288574e-01,2.099099606275558472e-01,0.000000000000000000e+00
-2.101408094167709351e-01,1.286397129297256470e-01,-5.883870720863342285e-01,-5.228840708732604980e-01,-1.741568744182586670e-01,-8.344229459762573242e-01,0.000000000000000000e+00
-2.557839751243591309e-01,7.089525461196899414e-01,-3.569820523262023926e-01,-6.639465689659118652e-01,7.298465371131896973e-01,1.627852618694305420e-01,0.000000000000000000e+00
6.184148192405700684e-01,-3.282835483551025391e-01,2.723160088062286377e-01,7.431148290634155273e-01,-6.342447996139526367e-01,-2.133399248123168945e-01,0.000000000000000000e+00
-1.320724934339523315e-01,-1.770249009132385254e-01,7.535284161567687988e-01,3.940344452857971191e-01,2.138204127550125122e-01,8.938778638839721680e-01,0.000000000000000000e+00
-1.581587493419647217e-01,-8.264080286026000977e-01,-2.396412938833236694e-01,-5.264326333999633789e-01,-7.425848841667175293e-01,4.140487313270568848e-01,0.000000000000000000e+00
-4.625303670763969421e-02,1.724617183208465576e-01,-6.750449538230895996e-01,-4.213005900382995605e-01,-1.805783212184906006e-01,-8.887616395950317383e-01,0.000000000000000000e+00
-3.462185263633728027e-01,2.876699529588222504e-02,7.912802696228027344e-01,4.086193144321441650e-01,1.941447556018829346e-01,8.918172717094421387e-01,0.000000000000000000e+00
3.784084618091583252e-01,3.013952076435089111e-01,-3.686431050300598145e-01,5.436899065971374512e-01,7.297645807266235352e-01,-4.145418405532836914e-01,0.000000000000000000e+00
-5.675835013389587402e-01,4.813006613403558731e-03,6.849946975708007812e-01,-8.430829644203186035e-01,4.738806784152984619e-01,2.542601227760314941e-01,0.000000000000000000e+00
4.603087604045867920e-01,-2.656141817569732666e-01,-4.486673772335052490e-01,7.166991233825683594e-01,-6.758579611778259277e-01,-1.719256043434143066e-01,0.000000000000000000e+00
-4.605213105678558350e-01,1.027265563607215881e-01,7.900489568710327148e-01,-5.179588794708251953e-01,5.971576571464538574e-01,6.124715209007263184e-01,0.000000000000000000e+00
5.592707395553588867e-01,-2.919276058673858643e-01,-4.638127237558364868e-02,7.483544945716857910e-01,-6.329476237297058105e-01,-1.983504146337509155e-01,0.000000000000000000e+00
3.689053654670715332e-01,1.143482178449630737e-01,-7.149024605751037598e-01,4.890270829200744629e-01,7.720701098442077637e-01,-4.059067070484161377e-01,0.000000000000000000e+00
-3.605224192142486572e-01,-7.089511752128601074e-01,-2.994028031826019287e-01,-7.486798167228698730e-01,-6.580532193183898926e-01,-8.027732372283935547e-02,0.000000000000000000e+00
-6.167908757925033569e-02,-7.588253617286682129e-01,-4.515149593353271484e-01,-4.064708054065704346e-01,-2.020115405321121216e-01,-8.910515308380126953e-01,0.000000000000000000e+00
-2.721264064311981201e-01,1.330734044313430786e-01,7.368064522743225098e-01,3.931081593036651611e-01,1.891902238130569458e-01,8.998183012008666992e-01,0.000000000000000000e+00
2.678524553775787354e-01,2.792619541287422180e-02,5.296769738197326660e-01,4.056217074394226074e-01,1.851027905941009521e-01,8.951022028923034668e-01,0.000000000000000000e+00
9.285167604684829712e-02,7.306363433599472046e-02,-7.200081348419189453e-01,-3.949842453002929688e-01,-1.971346884965896606e-01,-8.972877860069274902e-01,0.000000000000000000e+00
4.068331792950630188e-02,-5.256483554840087891e-01,5.586645603179931641e-01,-5.576286315917968750e-01,-7.168237566947937012e-01,4.185857176780700684e-01,0.000000000000000000e+00
-6.269177198410034180e-01,5.289207398891448975e-02,-3.837879598140716553e-01,-4.032072126865386963e-01,-1.902770996093750000e-01,-8.951081037521362305e-01,0.000000000000000000e+00
8.613473176956176758e-02,-5.739077329635620117e-01,5.273495912551879883e-01,-5.159973502159118652e-01,-7.495334148406982422e-01,4.146642386913299561e-01,0.000000000000000000e+00
8.315393924713134766e-01,1.266987645067274570e-03,1.610982790589332581e-02,7.369512915611267090e-01,-6.421524882316589355e-01,-2.110519707202911377e-01,0.000000000000000000e+00
-3.181869685649871826e-01,6.475502848625183105e-01,-3.850709795951843262e-01,-7.404718399047851562e-01,6.341752409934997559e-01,2.225380241870880127e-01,0.000000000000000000e+00
-3.980697989463806152e-01,5.101114511489868164e-01,-2.615752816200256348e-01,-7.393836379051208496e-01,6.354423761367797852e-01,2.225418090820312500e-01,0.000000000000000000e+00
-8.503957986831665039e-01,-2.882720232009887695e-01,-1.690409779548645020e-01,-5.119322538375854492e-01,-7.644342184066772461e-01,3.918746113777160645e-01,0.000000000000000000e+00
-1.251723319292068481e-01,5.599960088729858398e-01,-5.591877698898315430e-01,5.353647470474243164e-01,7.685424685478210449e-01,-3.503242135047912598e-01,0.000000000000000000e+00
8.441439867019653320e-01,2.532608620822429657e-02,2.494307011365890503e-01,4.089945256710052490e-01,1.959886252880096436e-01,8.912417888641357422e-01,0.000000000000000000e+00
1.746973991394042969e-01,3.826179206371307373e-01,4.615783393383026123e-01,4.920757412910461426e-01,-7.992706298828125000e-01,3.450042009353637695e-01,0.000000000000000000e+00
1.119884550571441650e-01,-5.785712599754333496e-01,5.509825348854064941e-01,-5.142061114311218262e-01,-7.499613165855407715e-01,4.161130785942077637e-01,0.000000000000000000e+00
-1.399116069078445435e-01,-6.685601472854614258e-01,7.683880627155303955e-02,-5.207962989807128906e-01,-7.449523806571960449e-01,4.169138669967651367e-01,0.000000000000000000e+00
7.214273810386657715e-01,1.553079187870025635e-01,-1.882596164941787720e-01,5.448794960975646973e-01,7.671416997909545898e-01,-3.385261297225952148e-01,0.000000000000000000e+00
4.704162478446960449e-01,4.113142490386962891e-01,3.523059487342834473e-01,4.127571582794189453e-01,1.796107143163681030e-01,8.929566144943237305e-01,0.000000000000000000e+00
1.625468879938125610e-01,1.680636107921600342e-01,-7.726739048957824707e-01,-4.154422581195831299e-01,-1.838301867246627808e-01,-8.908502459526062012e-01,0.000000000000000000e+00
-3.986375033855438232e-01,4.974961876869201660e-01,-2.289065718650817871e-01,-7.437554001808166504e-01,6.267778873443603516e-01,2.323302179574966431e-01,0.000000000000000000e+00
2.227362394332885742e-01,-7.601428776979446411e-02,-7.581503987312316895e-01,-4.231595098972320557e-01,-1.913285702466964722e-01,-8.856237530708312988e-01,0.000000000000000000e+00
-4.112814366817474365e-01,1.318685710430145264e-01,-4.963614046573638916e-01,-4.111564457416534424e-01,-1.905383765697479248e-01,-8.914288878440856934e-01,0.000000000000000000e+00
1.090884879231452942e-01,-6.949954032897949219e-01,-4.822910428047180176e-01,7.630985379219055176e-01,-6.270883679389953613e-01,-1.563356816768646240e-01,0.000000000000000000e+00
1.742350459098815918e-01,7.224291563034057617e-01,1.618730872869491577e-01,5.489317774772644043e-01,7.616051435470581055e-01,-3.444292247295379639e-01,0.000000000000000000e+00
-4.261981248855590820e-01,-4.753533303737640381e-01,-3.597857654094696045e-01,-3.907115757465362549e-01,-2.062494307756423950e-01,-8.971096277236938477e-01,0.000000000000000000e+00
-2.329050898551940918e-01,2.803035974502563477e-01,7.003343105316162109e-01,3.921405375003814697e-01,1.800297945737838745e-01,9.021170139312744141e-01,0.000000000000000000e+00
-5.832837224006652832e-01,-3.226347565650939941e-01,1.172961890697479248e-01,-5.217073559761047363e-01,-8.128712773323059082e-01,2.589628100395202637e-01,0.000000000000000000e+00
-4.786829054355621338e-01,3.885400891304016113e-01,-1.968213617801666260e-01,-7.475482821464538574e-01,6.328551769256591797e-01,2.016579210758209229e-01,0.000000000000000000e+00
9.341096282005310059e-01,1.281743645668029785e-01,1.818818002939224243e-01,5.595884919166564941e-01,7.137460261583328247e-02,8.256914615631103516e-01,0.000000000000000000e+00
3.132154941558837891e-01,-6.116908788681030273e-01,5.535225197672843933e-02,7.505418062210083008e-01,-6.329814195632934570e-01,-1.897933185100555420e-01,0.000000000000000000e+00
5.234161391854286194e-02,8.021047711372375488e-01,4.079288840293884277e-01,-7.545415163040161133e-01,6.255100965499877930e-01,1.985049694776535034e-01,0.000000000000000000e+00
4.455985128879547119e-02,7.970089912414550781e-01,3.945939838886260986e-01,-7.564578652381896973e-01,6.212528944015502930e-01,2.044902741909027100e-01,0.000000000000000000e+00
-3.517467081546783447e-01,4.719783365726470947e-01,-9.962210804224014282e-02,-8.892206549644470215e-01,-3.065731227397918701e-01,-3.395578861236572266e-01,0.000000000000000000e+00
1.126152202486991882e-01,1.032589375972747803e-01,5.847058892250061035e-01,4.006521999835968018e-01,1.797606647014617920e-01,8.984230160713195801e-01,0.000000000000000000e+00
4.982476234436035156e-01,3.302462697029113770e-01,-1.243356168270111084e-01,9.198226332664489746e-01,-9.264422208070755005e-02,3.812392950057983398e-01,0.000000000000000000e+00
-1.542716920375823975e-01,-2.718636393547058105e-01,-5.345037579536437988e-01,-4.038764536380767822e-01,-1.999362707138061523e-01,-8.926977515220642090e-01,0.000000000000000000e+00
3.149944245815277100e-01,-8.169448375701904297e-02,-8.008496761322021484e-01,-4.539998769760131836e-01,-1.935467571020126343e-01,-8.697262406349182129e-01,0.000000000000000000e+00
-2.207340002059936523e-01,4.924126565456390381e-01,1.861789375543594360e-01,-4.595260918140411377e-01,7.115345597267150879e-01,5.315583944320678711e-01,0.000000000000000000e+00
3.183845281600952148e-01,-4.388975203037261963e-01,-4.601745307445526123e-01,7.456829547882080078e-01,-6.320036649703979492e-01,-2.110172808170318604e-01,0.000000000000000000e+00
-2.573140263557434082e-01,2.730123996734619141e-01,-5.910186767578125000e-01,-4.301464855670928955e-01,-1.787360906600952148e-01,-8.848883509635925293e-01,0.000000000000000000e+00
4.685303270816802979e-01,2.980466932058334351e-02,-7.454658150672912598e-01,4.899932742118835449e-01,7.940348386764526367e-01,-3.597432672977447510e-01,0.000000000000000000e+00
2.705154716968536377e-01,6.298568844795227051e-01,1.172817200422286987e-01,5.650569200515747070e-01,7.271459698677062988e-01,-3.898324966430664062e-01,0.000000000000000000e+00
2.547433078289031982e-01,-6.236072778701782227e-01,-1.376047283411026001e-01,7.471653819084167480e-01,-6.423206329345703125e-01,-1.707868427038192749e-01,0.000000000000000000e+00
-6.268939971923828125e-01,2.354079037904739380e-01,-2.646679282188415527e-01,-7.420580387115478516e-01,6.310651898384094238e-01,2.260676026344299316e-01,0.000000000000000000e+00
2.204770296812057495e-01,-6.922314763069152832e-01,4.804092049598693848e-01,-5.161009430885314941e-01,-7.488277554512023926e-01,4.158086180686950684e-01,0.000000000000000000e+00
-4.708676934242248535e-01,1.944611519575119019e-01,4.184956550598144531e-01,-7.241352200508117676e-01,6.821311116218566895e-01,-1.016135066747665405e-01,0.000000000000000000e+00
8.479984998703002930e-01,7.974653691053390503e-02,-1.226717159152030945e-01,8.849019408226013184e-01,1.063482090830802917e-01,-4.534738957881927490e-01,0.000000000000000000e+00
3.871393501758575439e-01,-5.223306417465209961e-01,9.125980734825134277e-02,9.918497204780578613e-01,-1.143818497657775879e-01,-5.613258108496665955e-02,0.000000000000000000e+00
3.131908774375915527e-01,-3.320191800594329834e-01,-7.277393341064453125e-01,-3.834956139326095581e-02,-5.038203001022338867e-01,-8.629567623138427734e-01,0.000000000000000000e+00
3.450357913970947266e-01,-3.268360793590545654e-01,-6.749763488769531250e-01,7.295575141906738281e-01,-6.551442146301269531e-01,-1.962954252958297729e-01,0.000000000000000000e+00
-3.768759369850158691e-01,4.420795440673828125e-01,-1.772824227809906006e-01,-7.370500266551971436e-02,-2.877111434936523438e-01,9.548768997192382812e-01,0.000000000000000000e+00
-4.224237501621246338e-01,-5.069981217384338379e-01,4.413024988025426865e-03,-5.256017446517944336e-01,-7.486198544502258301e-01,4.041176438331604004e-01,0.000000000000000000e+00
5.014782547950744629e-01,5.141193866729736328e-01,3.165668249130249023e-01,4.126379191875457764e-01,1.884306669235229492e-01,8.911923766136169434e-01,0.000000000000000000e+00
1.884070783853530884e-02,-2.487156540155410767e-02,6.518637537956237793e-01,3.876987695693969727e-01,2.008032798767089844e-01,8.996486663818359375e-01,0.000000000000000000e+00
4.739923775196075439e-01,-2.480627447366714478e-01,-4.541821777820587158e-01,7.489262819290161133e-01,-6.276118159294128418e-01,-2.126331627368927002e-01,0.000000000000000000e+00
3.803574740886688232e-01,-2.356629222631454468e-01,-7.795154452323913574e-01,4.417579174041748047e-01,-6.556077599525451660e-01,-6.123956441879272461e-01,0.000000000000000000e+00
-6.624951958656311035e-01,-4.372924268245697021e-01,-2.078156471252441406e-01,-5.297442674636840820e-01,-7.561120390892028809e-01,3.842728137969970703e-01,0.000000000000000000e+00
5.169953703880310059e-01,-4.939205646514892578e-01,4.725004434585571289e-01,7.305043935775756836e-01,-6.466972827911376953e-01,-2.194217145442962646e-01,0.000000000000000000e+00
-3.777630329132080078e-01,3.009623587131500244e-01,4.325829744338989258e-01,-7.402064800262451172e-01,6.386609673500061035e-01,2.102535367012023926e-01,0.000000000000000000e+00
-5.094119906425476074e-02,-2.319261431694030762e-01,-5.878409147262573242e-01,-4.577021896839141846e-01,-1.216715946793556213e-01,-8.807410001754760742e-01,0.000000000000000000e+00
-2.996117174625396729e-01,-7.548058032989501953e-01,-2.886494696140289307e-01,-5.120577216148376465e-01,-7.511200308799743652e-01,4.166720509529113770e-01,0.000000000000000000e+00
7.218615412712097168e-01,2.436694949865341187e-01,2.585767805576324463e-01,4.302954971790313721e-01,1.976363658905029297e-01,8.807869553565979004e-01,0.000000000000000000e+00
-7.535676956176757812e-01,2.140427008271217346e-02,-1.135573461651802063e-01,-7.549093365669250488e-01,6.234390735626220703e-01,2.035574465990066528e-01,0.000000000000000000e+00
3.180341124534606934e-01,-6.209436655044555664e-01,1.056431308388710022e-01,7.467936277389526367e-01,-6.377879977226257324e-01,-1.884826123714447021e-01,0.000000000000000000e+00
4.719154238700866699e-01,-3.268928229808807373e-01,-2.535996139049530029e-01,7.433370947837829590e-01,-6.334875822067260742e-01,-2.148102074861526489e-01,0.000000000000000000e+00
4.514375030994415283e-01,-5.499853491783142090e-01,4.027403891086578369e-01,7.503984570503234863e-01,-6.319079995155334473e-01,-1.938928961753845215e-01,0.000000000000000000e+00
7.639540433883666992e-01,1.244021058082580566e-01,2.649322450160980225e-01,4.289036095142364502e-01,1.979405432939529419e-01,8.813973069190979004e-01,0.000000000000000000e+00
-5.398159623146057129e-01,-5.153075456619262695e-01,-3.010803759098052979e-01,-4.129256606101989746e-01,-2.120002657175064087e-01,-8.857473134994506836e-01,0.000000000000000000e+00
-2.583321034908294678e-01,2.769539952278137207e-01,-5.913199186325073242e-01,-4.301464855670928955e-01,-1.787360906600952148e-01,-8.848883509635925293e-01,0.000000000000000000e+00
1.535125374794006348e-01,-6.504047513008117676e-01,-4.367949068546295166e-01,8.702334761619567871e-01,-3.983000516891479492e-01,-2.899150550365447998e-01,0.000000000000000000e+00
-1.611587554216384888e-01,-6.835975050926208496e-01,8.583005517721176147e-03,-6.302987337112426758e-01,-5.698491334915161133e-01,5.272527337074279785e-01,0.000000000000000000e+00
3.998849093914031982e-01,4.615688696503639221e-02,-7.996280789375305176e-01,4.968199133872985840e-01,7.614945769309997559e-01,-4.162883162498474121e-01,0.000000000000000000e+00
7.916347384452819824e-01,-6.173288822174072266e-02,2.954839766025543213e-01,4.025025963783264160e-01,2.087886482477188110e-01,8.912906050682067871e-01,0.000000000000000000e+00
-6.105294823646545410e-01,1.280663907527923584e-01,1.116145849227905273e-01,-7.479633688926696777e-01,6.388292908668518066e-01,1.801332086324691772e-01,0.000000000000000000e+00
1.006668433547019958e-01,5.117227435111999512e-01,-3.060810863971710205e-01,4.456495121121406555e-02,7.927009463310241699e-02,-9.958565235137939453e-01,0.000000000000000000e+00
-1.408346891403198242e-01,-3.314474225044250488e-01,6.916581392288208008e-01,-5.243168473243713379e-01,-7.516696453094482422e-01,4.001056849956512451e-01,0.000000000000000000e+00
-2.336861193180084229e-01,-5.598580241203308105e-01,1.548790037631988525e-01,-5.144168734550476074e-01,-7.601513266563415527e-01,3.969196975231170654e-01,0.000000000000000000e+00
-6.528840214014053345e-02,-2.507843375205993652e-01,7.414325475692749023e-01,3.953308761119842529e-01,2.203386574983596802e-01,8.917198777198791504e-01,0.000000000000000000e+00
-2.669112682342529297e-01,-2.732023596763610840e-01,6.358631849288940430e-01,-5.350702404975891113e-01,-7.416606545448303223e-01,4.045235812664031982e-01,0.000000000000000000e+00
1.408401727676391602e-01,-9.615372121334075928e-02,6.147798299789428711e-01,4.062540829181671143e-01,2.134393155574798584e-01,8.884825706481933594e-01,0.000000000000000000e+00
2.417470961809158325e-01,5.448026061058044434e-01,4.383943676948547363e-01,4.022902250289916992e-01,1.764847785234451294e-01,8.983405232429504395e-01,0.000000000000000000e+00
2.630753815174102783e-01,4.611026346683502197e-01,4.439205527305603027e-01,5.203297138214111328e-01,7.548633217811584473e-02,8.506225943565368652e-01,0.000000000000000000e+00
-2.554347515106201172e-01,2.482486069202423096e-01,7.056055068969726562e-01,3.987900316715240479e-01,2.021406143903732300e-01,8.944862484931945801e-01,0.000000000000000000e+00
-3.396387398242950439e-02,1.562512367963790894e-01,-6.775664091110229492e-01,-4.203727245330810547e-01,-1.810195744037628174e-01,-8.891111612319946289e-01,0.000000000000000000e+00
-6.036431714892387390e-02,6.359121203422546387e-01,5.126717090606689453e-01,-6.577537059783935547e-01,6.842613220214843750e-01,3.148754537105560303e-01,0.000000000000000000e+00
2.407974600791931152e-01,4.649716615676879883e-01,-2.485821694135665894e-01,5.065429806709289551e-01,7.465949654579162598e-01,-4.312889277935028076e-01,0.000000000000000000e+00
3.455162048339843750e-01,-6.170306801795959473e-01,2.179390490055084229e-01,7.797766327857971191e-01,-6.110399961471557617e-01,-1.363029479980468750e-01,0.000000000000000000e+00
3.872070908546447754e-01,-5.262335538864135742e-01,1.061304584145545959e-01,9.741616845130920410e-01,2.064680308103561401e-01,9.154222905635833740e-02,0.000000000000000000e+00
2.344941645860671997e-01,1.289507448673248291e-01,5.234322547912597656e-01,4.185399115085601807e-01,1.912530064582824707e-01,8.878325223922729492e-01,0.000000000000000000e+00
-3.773432075977325439e-01,-6.784525513648986816e-01,-2.534870803356170654e-01,-5.165393352508544922e-01,-7.570095658302307129e-01,4.001545310020446777e-01,0.000000000000000000e+00
-3.742529749870300293e-01,-2.602219283580780029e-01,4.634563028812408447e-01,2.777637243270874023e-01,-6.247909069061279297e-01,-7.297147512435913086e-01,0.000000000000000000e+00
6.682187318801879883e-01,1.703893393278121948e-01,3.011724054813385010e-01,4.270963668823242188e-01,1.961487084627151489e-01,8.826745748519897461e-01,0.000000000000000000e+00
-5.693517327308654785e-01,-5.178323388099670410e-01,-2.826704382896423340e-01,-5.670324563980102539e-01,-5.060966014862060547e-01,-6.498772501945495605e-01,0.000000000000000000e+00
6.003985404968261719e-01,-4.603250697255134583e-02,-6.161350011825561523e-01,8.304933309555053711e-01,-4.640904963016510010e-01,-3.080597221851348877e-01,0.000000000000000000e+00
3.748048841953277588e-01,3.480396866798400879e-01,4.102527499198913574e-01,4.161926507949829102e-01,1.801207810640335083e-01,8.912576436996459961e-01,0.000000000000000000e+00
-2.501813471317291260e-01,-3.852619230747222900e-01,-4.569635689258575439e-01,-2.016756087541580200e-01,-1.233843490481376648e-01,-9.716497659683227539e-01,0.000000000000000000e+00
-5.069786906242370605e-01,2.203859984874725342e-01,2.042899876832962036e-01,-7.811716794967651367e-01,5.783706903457641602e-01,2.350704520940780640e-01,0.000000000000000000e+00
-3.735570609569549561e-01,4.418611526489257812e-01,-8.634573221206665039e-02,-2.514001727104187012e-01,5.981454849243164062e-01,-7.609335780143737793e-01,0.000000000000000000e+00
1.046106666326522827e-01,4.917529225349426270e-01,5.104622244834899902e-01,3.983717262744903564e-01,1.427189558744430542e-01,9.060525894165039062e-01,0.000000000000000000e+00
-5.050521492958068848e-01,2.478500455617904663e-01,1.336467713117599487e-01,-7.473543286323547363e-01,6.300588250160217285e-01,2.109202891588211060e-01,0.000000000000000000e+00
-5.038591623306274414e-01,1.489144116640090942e-01,4.590233564376831055e-01,-7.472954392433166504e-01,6.385110616683959961e-01,1.839921623468399048e-01,0.000000000000000000e+00
-6.111133694648742676e-01,-1.340340226888656616e-01,4.507352113723754883e-01,-5.271348953247070312e-01,-7.540279626846313477e-01,3.918809294700622559e-01,0.000000000000000000e+00
8.710954189300537109e-01,1.192279830574989319e-01,-6.263842433691024780e-02,7.334584593772888184e-01,4.854271113872528076e-01,-4.758142828941345215e-01,0.000000000000000000e+00
-7.118114829063415527e-01,1.319352835416793823e-01,-2.538296580314636230e-01,-7.568037509918212891e-01,6.156224608421325684e-01,2.196747660636901855e-01,0.000000000000000000e+00
-6.716930270195007324e-01,1.332546174526214600e-01,-1.359740197658538818e-01,-8.968895077705383301e-01,2.884067893028259277e-01,3.352770507335662842e-01,0.000000000000000000e+00
7.327439188957214355e-01,3.528855368494987488e-02,-3.653225302696228027e-01,8.991265296936035156e-01,1.658211052417755127e-01,-4.050614833831787109e-01,0.000000000000000000e+00
1.226752717047929764e-02,2.936146259307861328e-01,5.879456996917724609e-01,4.009822010993957520e-01,1.841713935136795044e-01,8.973818421363830566e-01,0.000000000000000000e+00
-3.482069373130798340e-01,5.220578312873840332e-01,-1.527771353721618652e-01,-7.918766140937805176e-01,5.666361451148986816e-01,2.277167439460754395e-01,0.000000000000000000e+00
-7.364705204963684082e-01,-3.239338696002960205e-01,-8.684175461530685425e-02,-5.371888279914855957e-01,-7.539227008819580078e-01,3.781913518905639648e-01,0.000000000000000000e+00
2.069449424743652344e-01,-7.613720744848251343e-02,5.788990855216979980e-01,3.614644408226013184e-01,1.385272890329360962e-01,9.220377802848815918e-01,0.000000000000000000e+00
-3.863169550895690918e-01,5.347575545310974121e-01,-2.928626239299774170e-01,-7.393812537193298340e-01,6.350295543670654297e-01,2.237249314785003662e-01,0.000000000000000000e+00
-2.078550457954406738e-01,-5.359193086624145508e-01,2.335877716541290283e-01,-5.207234025001525879e-01,-7.530778050422668457e-01,4.021453559398651123e-01,0.000000000000000000e+00
4.723927676677703857e-01,4.230225980281829834e-01,-1.966174133121967316e-02,5.120948553085327148e-01,7.662929296493530273e-01,-3.880129158496856689e-01,0.000000000000000000e+00
9.691953659057617188e-02,-7.340641021728515625e-01,2.559520900249481201e-01,-5.187045931816101074e-01,-7.479720115661621094e-01,4.141055643558502197e-01,0.000000000000000000e+00
-3.181860446929931641e-01,4.615024328231811523e-01,-5.987858176231384277e-01,-4.159451127052307129e-01,-1.687812656164169312e-01,-8.935896754264831543e-01,0.000000000000000000e+00
4.323083758354187012e-01,-2.563109993934631348e-01,-5.788978338241577148e-01,7.424918413162231445e-01,-6.346928477287292480e-01,-2.141747325658798218e-01,0.000000000000000000e+00
5.711902976036071777e-01,-2.393007427453994751e-01,-1.571516096591949463e-01,6.516650319099426270e-01,-7.418133020401000977e-01,-1.582581996917724609e-01,0.000000000000000000e+00
8.304937481880187988e-01,4.355229064822196960e-02,-1.175714209675788879e-01,7.401630282402038574e-01,-6.397087574005126953e-01,-2.071988284587860107e-01,0.000000000000000000e+00
4.979925155639648438e-01,-1.426509618759155273e-01,-6.912627816200256348e-01,7.478004097938537598e-01,-6.329433917999267578e-01,-2.004423588514328003e-01,0.000000000000000000e+00
-1.695085689425468445e-02,-6.784743666648864746e-01,-4.911137223243713379e-01,-4.037664830684661865e-01,-2.186293900012969971e-01,-8.883545398712158203e-01,0.000000000000000000e+00
-6.544148176908493042e-02,7.391653060913085938e-01,1.822289079427719116e-01,-7.422144412994384766e-01,6.369763612747192383e-01,2.082760035991668701e-01,0.000000000000000000e+00
3.631629049777984619e-01,-8.952565491199493408e-02,-8.233705759048461914e-01,-4.283082783222198486e-01,-1.874797046184539795e-01,-8.839702606201171875e-01,0.000000000000000000e+00
