0.27942759,0.18901606,0.75556594,0.60518950,0.69402272,0.38997209,0.00000000
-0.44332385,-0.67217618,0.35270843,-0.60518950,-0.69402272,-0.38997209,0.00000000
0.06024447,-0.32950890,0.66596061,-0.32781777,-0.22914201,0.91653121,0.00000000
-0.48888606,0.07880815,-0.71635711,-0.72545248,0.68251485,-0.08883864,0.00000000
0.44029140,-0.21618351,0.12263462,0.72545248,-0.68251485,0.08883864,0.00000000
-0.28686535,0.35429665,-0.24957204,-0.72545248,0.68251485,-0.08883864,0.00000000
0.34524608,-0.42339694,-0.69317389,0.72545248,-0.68251485,0.08883864,0.00000000
0.26582244,-0.47000715,-0.40269345,0.72545248,-0.68251485,0.08883864,0.00000000
0.50425708,-0.09246779,0.55075645,0.72545248,-0.68251485,0.08883864,0.00000000
-0.66847283,-0.33591807,0.10368302,-0.60518950,-0.69402272,-0.38997209,0.00000000
0.32676521,-0.05578728,-0.60857904,0.32781777,0.22914201,-0.91653121,0.00000000
0.31804758,-0.29716447,0.49872550,0.72545248,-0.68251485,0.08883864,0.00000000
0.22004218,0.20903683,0.81209445,0.60518950,0.69402272,0.38997209,0.00000000
-0.03444477,-0.52614903,-0.54170287,-0.60518950,-0.69402272,-0.38997209,0.00000000
-0.81952405,-0.32376540,0.31646851,-0.60518950,-0.69402272,-0.38997209,0.00000000
0.56645608,-0.11254231,-0.11138272,0.72545248,-0.68251485,0.08883864,0.00000000
0.20111634,0.21252270,0.83526140,0.60518950,0.69402272,0.38997209,0.00000000
0.25714943,-0.10840816,0.79166543,-0.32781777,-0.22914201,0.91653121,0.00000000
-0.56112260,0.10842311,0.55320221,-0.32781777,-0.22914201,0.91653121,0.00000000
-0.09801544,0.53782356,-0.38174179,-0.72545248,0.68251485,-0.08883864,0.00000000
0.45721799,0.01061122,-0.54531938,0.32781777,0.22914201,-0.91653121,0.00000000
0.07293463,0.66097492,0.23608571,0.60518950,0.69402272,0.38997209,0.00000000
0.00210018,-0.68321538,-0.31888953,-0.60518950,-0.69402272,-0.38997209,0.00000000
-0.09353579,0.05898109,-0.73021573,0.32781777,0.22914201,-0.91653121,0.00000000
-0.25195882,-0.28782579,-0.62828481,-0.60518950,-0.69402272,-0.38997209,0.00000000
0.14512961,0.80415934,-0.32109299,-0.72545248,0.68251485,-0.08883864,0.00000000
-0.47787088,-0.37960988,-0.11435101,-0.60518950,-0.69402272,-0.38997209,0.00000000
-0.54902327,0.12577777,0.13557093,-0.72545248,0.68251485,-0.08883864,0.00000000
0.20975302,0.32943374,-0.55412191,0.32781777,0.22914201,-0.91653121,0.00000000
-0.25506988,0.40448296,-0.12364914,-0.72545248,0.68251485,-0.08883864,0.00000000
0.12023389,-0.08118499,-0.68879920,0.32781777,0.22914201,-0.91653121,0.00000000
-0.35966545,0.22693130,-0.63359076,-0.72545248,0.68251485,-0.08883864,0.00000000
0.18834594,-0.53481549,-0.26792267,0.72545248,-0.68251485,0.08883864,0.00000000
0.25944099,-0.46693039,-0.32694530,0.72545248,-0.68251485,0.08883864,0.00000000
-0.34901917,-0.32917711,-0.40406704,-0.60518950,-0.69402272,-0.38997209,0.00000000
-0.25600937,-0.65760672,0.03609014,-0.60518950,-0.69402272,-0.38997209,0.00000000
-0.30081144,-0.79446685,0.34918380,-0.60518950,-0.69402272,-0.38997209,0.00000000
-0.31757873,0.37518841,0.16173628,-0.72545248,0.68251485,-0.08883864,0.00000000
-0.22651264,0.07916199,0.66556734,-0.32781777,-0.22914201,0.91653121,0.00000000
0.47441489,0.42521763,0.03260775,0.60518950,0.69402272,0.38997209,0.00000000
-0.21546608,0.12607154,-0.75705355,0.32781777,0.22914201,-0.91653121,0.00000000
0.56024325,-0.07618637,0.21866030,0.72545248,-0.68251485,0.08883864,0.00000000
-0.04952402,-0.64192224,-0.31226328,-0.60518950,-0.69402272,-0.38997209,0.00000000
0.06783091,0.25904381,-0.62248170,0.32781777,0.22914201,-0.91653121,0.00000000
-0.00100013,0.54551208,-0.57548070,0.32781777,0.22914201,-0.91653121,0.00000000
-0.21476696,0.52625370,0.48275927,-0.72545248,0.68251485,-0.08883864,0.00000000
-0.31663612,-0.33744317,-0.43961075,-0.60518950,-0.69402272,-0.38997209,0.00000000
0.74777400,0.13170309,-0.41112143,0.32781777,0.22914201,-0.91653121,0.00000000
0.23282646,0.74521333,-0.16196379,0.60518950,0.69402272,0.38997209,0.00000000
0.23018280,0.10774565,-0.60223901,0.32781777,0.22914201,-0.91653121,0.00000000
0.40715522,0.64975905,-0.26262367,0.60518950,0.69402272,0.38997209,0.00000000
0.50293750,0.55944365,-0.25053421,0.60518950,0.69402272,0.38997209,0.00000000
0.37974596,0.31391490,0.37760496,0.60518950,0.69402272,0.38997209,0.00000000
0.03059157,0.20572326,0.78916800,-0.32781777,-0.22914201,0.91653121,0.00000000
0.02831401,0.69671273,-0.19265495,-0.72545248,0.68251485,-0.08883864,0.00000000
-0.82042283,-0.32193017,0.31459728,-0.60518950,-0.69402272,-0.38997209,0.00000000
-0.11724015,0.29430595,0.75843924,-0.32781777,-0.22914201,0.91653121,0.00000000
-0.23747666,0.46969822,0.23371042,-0.72545248,0.68251485,-0.08883864,0.00000000
0.24376751,0.53740627,0.19088544,0.60518950,0.69402272,0.38997209,0.00000000
-0.59227294,-0.26097327,0.44970784,-0.32781777,-0.22914201,0.91653121,0.00000000
-0.29419982,0.46662366,0.67328870,-0.72545248,0.68251485,-0.08883864,0.00000000
-0.08233775,-0.58558112,0.55094230,-0.32781777,-0.22914201,0.91653121,0.00000000
-0.15825921,-0.37348342,0.57681382,-0.32781777,-0.22914201,0.91653121,0.00000000
0.38192666,0.40260839,0.21637538,0.60518950,0.69402272,0.38997209,0.00000000
-0.57498699,0.05511051,-0.19532083,-0.72545248,0.68251485,-0.08883864,0.00000000
-0.43634304,-0.57385463,0.16689484,-0.60518950,-0.69402272,-0.38997209,0.00000000
-0.42670920,-0.33633396,0.49008444,-0.32781777,-0.22914201,0.91653121,0.00000000
0.30020201,-0.29458275,0.66428620,0.72545248,-0.68251485,0.08883864,0.00000000
-0.24620280,0.16693923,0.68046993,-0.32781777,-0.22914201,0.91653121,0.00000000
-0.23763712,-0.37427115,0.54822564,-0.32781777,-0.22914201,0.91653121,0.00000000
0.24396935,0.12273107,-0.59356141,0.32781777,0.22914201,-0.91653121,0.00000000
-0.27737707,-0.66471857,0.08190695,-0.60518950,-0.69402272,-0.38997209,0.00000000
0.22585803,-0.34982088,-0.71818203,0.32781777,0.22914201,-0.91653121,0.00000000
0.47577843,-0.23412339,-0.30497622,0.72545248,-0.68251485,0.08883864,0.00000000
0.22751974,0.02636833,-0.62353665,0.32781777,0.22914201,-0.91653121,0.00000000
0.08537049,-0.56557590,0.33664998,0.72545248,-0.68251485,0.08883864,0.00000000
-0.19319203,0.48253191,-0.02931944,-0.72545248,0.68251485,-0.08883864,0.00000000
0.26486671,-0.07303002,-0.63502926,0.32781777,0.22914201,-0.91653121,0.00000000
-0.41283569,-0.31328556,-0.33331335,-0.60518950,-0.69402272,-0.38997209,0.00000000
-0.10604522,-0.77515966,0.28958645,0.72545248,-0.68251485,0.08883864,0.00000000
0.60264564,-0.03077375,0.22129285,0.72545248,-0.68251485,0.08883864,0.00000000
-0.15977998,-0.07679608,-0.78785509,0.32781777,0.22914201,-0.91653121,0.00000000
0.01497789,0.64187157,-0.50507748,-0.72545248,0.68251485,-0.08883864,0.00000000
-0.57065058,0.04364075,-0.31885007,-0.72545248,0.68251485,-0.08883864,0.00000000
-0.05164883,-0.27213931,-0.79801738,0.32781777,0.22914201,-0.91653121,0.00000000
0.49075875,0.31484109,0.20367822,0.60518950,0.69402272,0.38997209,0.00000000
0.21801965,0.69060248,-0.46086940,0.32781777,0.22914201,-0.91653121,0.00000000
0.21842158,0.76254612,-0.17045572,0.60518950,0.69402272,0.38997209,0.00000000
-0.12982196,-0.51008421,0.55283350,-0.32781777,-0.22914201,0.91653121,0.00000000
-0.07618888,-0.56475204,-0.40822041,-0.60518950,-0.69402272,-0.38997209,0.00000000
0.16443536,0.55460709,0.28338751,0.60518950,0.69402272,0.38997209,0.00000000
0.13847472,0.37079471,0.65080124,0.60518950,0.69402272,0.38997209,0.00000000
0.75087041,0.11411441,0.12401933,0.72545248,-0.68251485,0.08883864,0.00000000
0.16765447,0.39202735,0.56773061,0.60518950,0.69402272,0.38997209,0.00000000
0.10625609,-0.51864034,-0.77341652,-0.60518950,-0.69402272,-0.38997209,0.00000000
0.45757461,0.20483868,0.45094419,0.60518950,0.69402272,0.38997209,0.00000000
-0.33156708,-0.14331768,-0.76191956,-0.60518950,-0.69402272,-0.38997209,0.00000000
-0.39296010,0.33255270,0.44974244,-0.72545248,0.68251485,-0.08883864,0.00000000
0.11728650,-0.63780195,-0.47886109,0.72545248,-0.68251485,0.08883864,0.00000000
0.27844077,-0.43587518,-0.24351037,0.72545248,-0.68251485,0.08883864,0.00000000
-0.05698021,-0.69953871,0.46989188,0.72545248,-0.68251485,0.08883864,0.00000000
-0.14713244,-0.57039970,0.53156251,-0.32781777,-0.22914201,0.91653121,0.00000000
-0.17906466,-0.65323269,-0.09110305,-0.60518950,-0.69402272,-0.38997209,0.00000000
-0.67073333,0.02861993,0.49404591,-0.32781777,-0.22914201,0.91653121,0.00000000
-0.30487302,0.26311088,-0.75477070,0.32781777,0.22914201,-0.91653121,0.00000000
0.26103947,0.84946239,-0.40576583,0.32781777,0.22914201,-0.91653121,0.00000000
-0.16831471,-0.83049852,0.37292841,0.72545248,-0.68251485,0.08883864,0.00000000
0.41613513,0.53765136,-0.07704437,0.60518950,0.69402272,0.38997209,0.00000000
-0.70278466,-0.17981002,-0.12089048,-0.60518950,-0.69402272,-0.38997209,0.00000000
-0.34544438,-0.35907829,0.51346433,-0.32781777,-0.22914201,0.91653121,0.00000000
0.24754107,0.12736736,-0.59112483,0.32781777,0.22914201,-0.91653121,0.00000000
0.72718912,0.17469479,-0.40773571,0.32781777,0.22914201,-0.91653121,0.00000000
0.61330932,0.20256875,0.21330260,0.60518950,0.69402272,0.38997209,0.00000000
0.67577225,0.06287923,0.34364539,0.72545248,-0.68251485,0.08883864,0.00000000
-0.11588483,0.50304544,-0.50300843,-0.72545248,0.68251485,-0.08883864,0.00000000
0.74021935,0.10867044,0.16917083,0.72545248,-0.68251485,0.08883864,0.00000000
0.03081885,-0.70287949,-0.27273762,0.72545248,-0.68251485,0.08883864,0.00000000
0.15258655,-0.61130971,-0.56359023,0.72545248,-0.68251485,0.08883864,0.00000000
0.24305308,0.20098829,0.79070818,0.60518950,0.69402272,0.38997209,0.00000000
-0.39102495,-0.40324631,0.48611897,-0.32781777,-0.22914201,0.91653121,0.00000000
-0.10450590,-0.77594918,0.27095035,0.72545248,-0.68251485,0.08883864,0.00000000
0.66114324,-0.00719621,-0.07525805,0.72545248,-0.68251485,0.08883864,0.00000000
0.17099240,0.48967776,-0.52792293,0.32781777,0.22914201,-0.91653121,0.00000000
0.37458691,-0.31544182,-0.10339040,0.72545248,-0.68251485,0.08883864,0.00000000
-0.17946805,0.44476739,-0.43151957,-0.72545248,0.68251485,-0.08883864,0.00000000
0.28384835,0.48637185,0.21950944,0.60518950,0.69402272,0.38997209,0.00000000
-0.62954134,-0.37907872,0.12007791,-0.60518950,-0.69402272,-0.38997209,0.00000000
0.02308901,0.41704708,0.74755174,0.60518950,0.69402272,0.38997209,0.00000000
0.19106373,0.79341346,-0.18293352,0.60518950,0.69402272,0.38997209,0.00000000
-0.20736592,-0.50059193,-0.31883353,-0.60518950,-0.69402272,-0.38997209,0.00000000
0.23967247,-0.06325334,0.79670358,-0.32781777,-0.22914201,0.91653121,0.00000000
0.19936197,-0.24838886,-0.70229995,0.32781777,0.22914201,-0.91653121,0.00000000
0.18708190,-0.51322579,-0.09173446,0.72545248,-0.68251485,0.08883864,0.00000000
0.27875859,-0.33533570,0.52630228,0.72545248,-0.68251485,0.08883864,0.00000000
0.13898914,0.55726945,0.31813890,0.60518950,0.69402272,0.38997209,0.00000000
0.80611569,0.13469107,-0.16902907,0.72545248,-0.68251485,0.08883864,0.00000000
0.42303166,-0.09138560,0.85525274,-0.32781777,-0.22914201,0.91653121,0.00000000
-0.15177929,-0.49856809,0.54785907,-0.32781777,-0.22914201,0.91653121,0.00000000
-0.15864433,0.53008121,0.05386997,-0.72545248,0.68251485,-0.08883864,0.00000000
0.55388594,-0.15500122,-0.33493176,0.72545248,-0.68251485,0.08883864,0.00000000
-0.40842274,-0.67494118,0.30346689,-0.60518950,-0.69402272,-0.38997209,0.00000000
-0.18000020,0.56402260,0.48901999,-0.72545248,0.68251485,-0.08883864,0.00000000
0.68601501,0.43958622,-0.32134137,0.60518950,0.69402272,0.38997209,0.00000000
0.50377607,0.18755372,-0.48442945,0.32781777,0.22914201,-0.91653121,0.00000000
-0.09997196,0.58177418,-0.02810808,-0.72545248,0.68251485,-0.08883864,0.00000000
-0.22165148,0.02065024,-0.78562218,0.32781777,0.22914201,-0.91653121,0.00000000
0.39910996,-0.06520634,-0.58505821,0.32781777,0.22914201,-0.91653121,0.00000000
0.62695140,-0.07883544,-0.34642732,0.72545248,-0.68251485,0.08883864,0.00000000
0.10793619,-0.52672893,0.45082611,0.72545248,-0.68251485,0.08883864,0.00000000
0.11503449,-0.05438900,0.75434017,-0.32781777,-0.22914201,0.91653121,0.00000000
0.36629730,-0.29193103,0.14492667,0.72545248,-0.68251485,0.08883864,0.00000000
0.27978483,0.36727187,-0.51961356,0.32781777,0.22914201,-0.91653121,0.00000000
0.18588486,-0.44184852,0.46640593,0.72545248,-0.68251485,0.08883864,0.00000000
-0.25727427,-0.80873537,0.43258154,-0.32781777,-0.22914201,0.91653121,0.00000000
0.63851321,0.08946931,0.37546924,0.60518950,0.69402272,0.38997209,0.00000000
0.31296378,-0.40961272,-0.70197523,0.32781777,0.22914201,-0.91653121,0.00000000
0.52777153,-0.03113294,0.76195937,0.60518950,0.69402272,0.38997209,0.00000000
-0.19081913,0.44268540,-0.35482267,-0.72545248,0.68251485,-0.08883864,0.00000000
-0.24512851,0.28918961,0.71141797,-0.32781777,-0.22914201,0.91653121,0.00000000
0.72418213,0.09109348,0.16509293,0.72545248,-0.68251485,0.08883864,0.00000000
0.47763264,0.36018959,-0.45061955,0.32781777,0.22914201,-0.91653121,0.00000000
-0.75233912,-0.27463728,0.12477370,-0.60518950,-0.69402272,-0.38997209,0.00000000
-0.33165404,0.36450917,0.19463018,-0.72545248,0.68251485,-0.08883864,0.00000000
0.16852739,0.83741242,-0.22626358,0.60518950,0.69402272,0.38997209,0.00000000
-0.72522682,-0.13646944,-0.16319491,-0.60518950,-0.69402272,-0.38997209,0.00000000
-0.63314754,-0.20090467,-0.19141720,-0.60518950,-0.69402272,-0.38997209,0.00000000
0.01639422,0.56815976,-0.56359708,0.32781777,0.22914201,-0.91653121,0.00000000
-0.43694717,-0.09386740,-0.68638772,-0.60518950,-0.69402272,-0.38997209,0.00000000
-0.08581763,0.60455441,0.03132072,-0.72545248,0.68251485,-0.08883864,0.00000000
-0.64381778,-0.41480234,0.20580949,-0.60518950,-0.69402272,-0.38997209,0.00000000
-0.27389529,0.02265672,-0.80380678,0.32781777,0.22914201,-0.91653121,0.00000000
0.76449573,0.18313426,0.01326674,0.60518950,0.69402272,0.38997209,0.00000000
0.54131866,0.34756434,0.06697864,0.60518950,0.69402272,0.38997209,0.00000000
-0.44474486,0.18992403,-0.22314993,-0.72545248,0.68251485,-0.08883864,0.00000000
-0.42558220,0.25508428,0.12097111,-0.72545248,0.68251485,-0.08883864,0.00000000
-0.30161011,-0.79556537,0.35237825,-0.60518950,-0.69402272,-0.38997209,0.00000000
0.16032057,-0.60828912,-0.60353953,0.72545248,-0.68251485,0.08883864,0.00000000
-0.38547525,-0.58419549,0.10635763,-0.60518950,-0.69402272,-0.38997209,0.00000000
0.56985760,0.25565413,0.18625975,0.60518950,0.69402272,0.38997209,0.00000000
0.13726012,0.13504606,-0.62864947,0.32781777,0.22914201,-0.91653121,0.00000000
0.66169393,0.38010588,-0.17774260,0.60518950,0.69402272,0.38997209,0.00000000
0.47894785,-0.09865598,0.70988923,0.72545248,-0.68251485,0.08883864,0.00000000
0.03809508,0.69487852,-0.28661865,-0.72545248,0.68251485,-0.08883864,0.00000000
-0.23207645,-0.71288747,0.09733092,-0.60518950,-0.69402272,-0.38997209,0.00000000
0.54806840,0.41348323,-0.06081025,0.60518950,0.69402272,0.38997209,0.00000000
-0.24238205,-0.52447754,-0.22198422,-0.60518950,-0.69402272,-0.38997209,0.00000000
0.48493618,-0.11755531,-0.56744826,0.32781777,0.22914201,-0.91653121,0.00000000
-0.30478957,-0.80543739,0.37488133,-0.60518950,-0.69402272,-0.38997209,0.00000000
-0.03496437,0.63682324,-0.13603525,-0.72545248,0.68251485,-0.08883864,0.00000000
-0.42814043,0.22071663,-0.12217237,-0.72545248,0.68251485,-0.08883864,0.00000000
-0.32403281,0.40669209,0.45647117,-0.72545248,0.68251485,-0.08883864,0.00000000
0.41458580,0.61853921,-0.21859393,0.60518950,0.69402272,0.38997209,0.00000000
-0.33774680,0.26954412,-0.48519889,-0.72545248,0.68251485,-0.08883864,0.00000000
-0.46002698,-0.65606898,0.34996411,-0.60518950,-0.69402272,-0.38997209,0.00000000
0.45193368,0.13251050,0.58841878,0.60518950,0.69402272,0.38997209,0.00000000
0.17142640,0.03313543,-0.64190787,0.32781777,0.22914201,-0.91653121,0.00000000
0.13914268,0.68576533,-0.49029082,0.32781777,0.22914201,-0.91653121,0.00000000
0.25456855,0.79109311,-0.27735594,0.60518950,0.69402272,0.38997209,0.00000000
-0.11854579,-0.34117138,0.59909654,-0.32781777,-0.22914201,0.91653121,0.00000000
-0.24124238,0.41399279,-0.16350304,-0.72545248,0.68251485,-0.08883864,0.00000000
-0.10311621,0.52969897,-0.40250733,-0.72545248,0.68251485,-0.08883864,0.00000000
0.09759321,-0.60159588,-0.03988870,0.72545248,-0.68251485,0.08883864,0.00000000
-0.24233815,-0.85331333,0.36316788,-0.60518950,-0.69402272,-0.38997209,0.00000000
0.04252299,-0.49786034,-0.71149212,-0.60518950,-0.69402272,-0.38997209,0.00000000
0.44301251,-0.15942477,0.53647155,0.72545248,-0.68251485,0.08883864,0.00000000
0.26659822,0.08150280,-0.59577519,0.32781777,0.22914201,-0.91653121,0.00000000
-0.52220815,-0.01775855,-0.68952179,-0.60518950,-0.69402272,-0.38997209,0.00000000
-0.05151555,-0.00133794,0.70803320,-0.32781777,-0.22914201,0.91653121,0.00000000
0.15419289,-0.46380788,0.55649549,0.72545248,-0.68251485,0.08883864,0.00000000
-0.31138968,-0.40798354,-0.32221380,-0.60518950,-0.69402272,-0.38997209,0.00000000
-0.29978472,0.26070952,-0.75355113,0.32781777,0.22914201,-0.91653121,0.00000000
0.02472724,0.65971833,-0.44758010,-0.72545248,0.68251485,-0.08883864,0.00000000
-0.02958102,-0.62261313,-0.37757638,-0.60518950,-0.69402272,-0.38997209,0.00000000
0.29033440,-0.33447394,0.43839505,0.72545248,-0.68251485,0.08883864,0.00000000
0.25252333,0.14639558,-0.58458555,0.32781777,0.22914201,-0.91653121,0.00000000
0.61037016,0.10156827,-0.46780097,0.32781777,0.22914201,-0.91653121,0.00000000
-0.59743351,0.08532639,0.22011377,-0.72545248,0.68251485,-0.08883864,0.00000000
-0.24701223,-0.48943350,0.51608062,-0.32781777,-0.22914201,0.91653121,0.00000000
0.20265253,-0.25760821,-0.70342785,0.32781777,0.22914201,-0.91653121,0.00000000
0.43019930,0.29605120,0.33109897,0.60518950,0.69402272,0.38997209,0.00000000
0.00465127,-0.65482223,0.31015241,0.72545248,-0.68251485,0.08883864,0.00000000
0.24376257,-0.37779370,-0.71877152,0.32781777,0.22914201,-0.91653121,0.00000000
0.70018470,0.16888268,0.13843283,0.60518950,0.69402272,0.38997209,0.00000000
-0.58798617,-0.35311884,0.42820379,-0.32781777,-0.22914201,0.91653121,0.00000000
-0.50160152,-0.16129395,0.50705934,-0.32781777,-0.22914201,0.91653121,0.00000000
0.26995930,0.66633499,-0.07921185,0.60518950,0.69402272,0.38997209,0.00000000
-0.39365095,-0.43565640,0.47707686,-0.32781777,-0.22914201,0.91653121,0.00000000
-0.30864605,0.44998914,0.66345870,-0.72545248,0.68251485,-0.08883864,0.00000000
0.20503587,0.38139546,-0.54281819,0.32781777,0.22914201,-0.91653121,0.00000000
-0.84849721,-0.30049735,0.32002184,-0.60518950,-0.69402272,-0.38997209,0.00000000
-0.22146386,0.03533641,0.65641630,-0.32781777,-0.22914201,0.91653121,0.00000000
-0.69154072,-0.41236550,0.37635297,-0.32781777,-0.22914201,0.91653121,0.00000000
0.20099027,-0.57170731,-0.65460187,0.72545248,-0.68251485,0.08883864,0.00000000
0.36191884,-0.37774521,-0.47859743,0.72545248,-0.68251485,0.08883864,0.00000000
0.78011423,0.09974752,-0.22516003,0.72545248,-0.68251485,0.08883864,0.00000000
-0.18436964,-0.55059195,-0.26553726,-0.60518950,-0.69402272,-0.38997209,0.00000000
0.06149684,0.52085876,-0.55929089,0.32781777,0.22914201,-0.91653121,0.00000000
-0.15246844,-0.67923617,-0.08609946,-0.60518950,-0.69402272,-0.38997209,0.00000000
0.11615437,0.68704695,0.12261428,0.60518950,0.69402272,0.38997209,0.00000000
-0.35312247,0.14160106,0.63589293,-0.32781777,-0.22914201,0.91653121,0.00000000
-0.40460432,-0.21276349,-0.52498376,-0.60518950,-0.69402272,-0.38997209,0.00000000
-0.57652158,-0.49986970,0.25276598,-0.60518950,-0.69402272,-0.38997209,0.00000000
0.09170233,-0.56730610,0.27165163,0.72545248,-0.68251485,0.08883864,0.00000000
-0.52132279,0.18169427,0.33895648,-0.72545248,0.68251485,-0.08883864,0.00000000
-0.59899145,-0.01652454,-0.54964823,-0.72545248,0.68251485,-0.08883864,0.00000000
-0.29156682,0.41072941,0.22237261,-0.72545248,0.68251485,-0.08883864,0.00000000
-0.68246996,-0.36159399,0.17109954,-0.60518950,-0.69402272,-0.38997209,0.00000000
-0.66168123,-0.45858935,0.37547642,-0.32781777,-0.22914201,0.91653121,0.00000000
0.52059543,0.11538508,0.51234168,0.60518950,0.69402272,0.38997209,0.00000000
-0.57556659,-0.21229811,-0.26049924,-0.60518950,-0.69402272,-0.38997209,0.00000000
-0.60837787,0.10581900,0.46692216,-0.72545248,0.68251485,-0.08883864,0.00000000
0.33763713,0.60633659,-0.07746217,0.60518950,0.69402272,0.38997209,0.00000000
0.38213250,-0.29797620,-0.03082529,0.72545248,-0.68251485,0.08883864,0.00000000
0.04076586,-0.11422103,0.71281773,-0.32781777,-0.22914201,0.91653121,0.00000000
-0.20703194,-0.73959488,0.10599519,-0.60518950,-0.69402272,-0.38997209,0.00000000
0.46504033,0.61507148,-0.39140046,0.32781777,0.22914201,-0.91653121,0.00000000
0.29733887,-0.20364082,0.78223097,-0.32781777,-0.22914201,0.91653121,0.00000000
0.26936573,0.79462618,-0.30660707,0.60518950,0.69402272,0.38997209,0.00000000
0.17583561,0.80407041,-0.17826727,0.60518950,0.69402272,0.38997209,0.00000000
0.49320644,-0.17457734,-0.57874632,0.32781777,0.22914201,-0.91653121,0.00000000
-0.30053201,-0.75858152,0.42964837,-0.32781777,-0.22914201,0.91653121,0.00000000
0.19375871,0.78852201,-0.17841050,0.60518950,0.69402272,0.38997209,0.00000000
0.01530553,0.49109402,0.62785149,0.60518950,0.69402272,0.38997209,0.00000000
0.31944239,0.09465068,0.86140728,0.60518950,0.69402272,0.38997209,0.00000000
-0.62508410,-0.27542624,0.43435881,-0.32781777,-0.22914201,0.91653121,0.00000000
-0.19404009,0.06027030,0.67245877,-0.32781777,-0.22914201,0.91653121,0.00000000
0.30340669,-0.30329746,0.57116485,0.72545248,-0.68251485,0.08883864,0.00000000
0.14981362,0.59306675,0.23763309,0.60518950,0.69402272,0.38997209,0.00000000
-0.44732714,-0.11685297,-0.62937242,-0.60518950,-0.69402272,-0.38997209,0.00000000
0.55829263,0.35467827,0.02797666,0.60518950,0.69402272,0.38997209,0.00000000
0.23487329,0.37552956,0.49277577,0.60518950,0.69402272,0.38997209,0.00000000
-0.50822169,0.20564412,0.41597152,-0.72545248,0.68251485,-0.08883864,0.00000000
0.65549880,0.03330938,0.28202376,0.72545248,-0.68251485,0.08883864,0.00000000
-0.21058790,-0.71033502,0.05944071,-0.60518950,-0.69402272,-0.38997209,0.00000000
0.05332416,-0.15208936,-0.73045772,0.32781777,0.22914201,-0.91653121,0.00000000
-0.08228746,0.56666034,-0.28863290,-0.72545248,0.68251485,-0.08883864,0.00000000
-0.77975315,-0.26063964,0.14240566,-0.60518950,-0.69402272,-0.38997209,0.00000000
-0.26730475,-0.50660622,-0.21511227,-0.60518950,-0.69402272,-0.38997209,0.00000000
0.52736229,0.28646964,0.19736582,0.60518950,0.69402272,0.38997209,0.00000000
-0.04862434,0.62377173,-0.12475880,-0.72545248,0.68251485,-0.08883864,0.00000000
-0.31248504,-0.47649887,0.49589661,-0.32781777,-0.22914201,0.91653121,0.00000000
0.48218954,-0.11778598,0.53644884,0.72545248,-0.68251485,0.08883864,0.00000000
-0.47603342,0.09021260,-0.73369497,-0.72545248,0.68251485,-0.08883864,0.00000000
0.58518130,0.50594503,-0.28295663,0.60518950,0.69402272,0.38997209,0.00000000
-0.66408080,-0.19565545,0.44035429,-0.32781777,-0.22914201,0.91653121,0.00000000
-0.65246278,-0.35358831,0.11028457,-0.60518950,-0.69402272,-0.38997209,0.00000000
-0.42024344,-0.57216442,0.13890217,-0.60518950,-0.69402272,-0.38997209,0.00000000
0.57230216,-0.15886667,-0.51501495,0.72545248,-0.68251485,0.08883864,0.00000000
-0.49475092,0.12385453,-0.32239035,-0.72545248,0.68251485,-0.08883864,0.00000000
-0.62908995,0.02558687,0.50818229,-0.32781777,-0.22914201,0.91653121,0.00000000
0.42197302,0.48193702,0.01304923,0.60518950,0.69402272,0.38997209,0.00000000
-0.27985770,0.30343318,-0.69756162,-0.72545248,0.68251485,-0.08883864,0.00000000
0.15830471,0.81064332,-0.37886685,-0.72545248,0.68251485,-0.08883864,0.00000000
-0.33639163,0.38629052,0.40065458,-0.72545248,0.68251485,-0.08883864,0.00000000
0.16872479,-0.05072360,0.77446008,-0.32781777,-0.22914201,0.91653121,0.00000000
0.64978689,-0.06499377,-0.42656046,0.72545248,-0.68251485,0.08883864,0.00000000
-0.47225821,-0.41367728,-0.06243236,-0.60518950,-0.69402272,-0.38997209,0.00000000
-0.39635822,-0.51221800,-0.00484973,-0.60518950,-0.69402272,-0.38997209,0.00000000
0.51782924,0.52523458,-0.21276347,0.60518950,0.69402272,0.38997209,0.00000000
-0.03037628,0.63743937,-0.16876790,-0.72545248,0.68251485,-0.08883864,0.00000000
0.41187760,-0.22412387,0.29365775,0.72545248,-0.68251485,0.08883864,0.00000000
0.66899866,-0.03881668,-0.38233405,0.72545248,-0.68251485,0.08883864,0.00000000
-0.53310263,-0.17024629,0.49355403,-0.32781777,-0.22914201,0.91653121,0.00000000
0.65309483,0.33119929,-0.39510947,0.32781777,0.22914201,-0.91653121,0.00000000
0.84159327,0.17507343,-0.36672187,0.32781777,0.22914201,-0.91653121,0.00000000
0.24075779,0.13274947,0.84609443,-0.32781777,-0.22914201,0.91653121,0.00000000
-0.42512187,-0.33384880,0.49127352,-0.32781777,-0.22914201,0.91653121,0.00000000
0.13963223,0.47279140,0.46748415,0.60518950,0.69402272,0.38997209,0.00000000
0.26822925,-0.07490254,0.80400509,-0.32781777,-0.22914201,0.91653121,0.00000000
0.29236448,0.72186756,-0.21281177,0.60518950,0.69402272,0.38997209,0.00000000
-0.05620334,-0.45605248,-0.63268518,-0.60518950,-0.69402272,-0.38997209,0.00000000
-0.21773469,-0.14933044,0.61158156,-0.32781777,-0.22914201,0.91653121,0.00000000
0.36460841,-0.36291328,-0.38661209,0.72545248,-0.68251485,0.08883864,0.00000000
0.15111744,0.11768142,0.81026542,-0.32781777,-0.22914201,0.91653121,0.00000000
-0.53805637,0.07996890,-0.30591697,-0.72545248,0.68251485,-0.08883864,0.00000000
-0.37607765,0.32381210,0.24473031,-0.72545248,0.68251485,-0.08883864,0.00000000
-0.09955414,-0.33544827,-0.78004599,-0.60518950,-0.69402272,-0.38997209,0.00000000
0.61693037,-0.01896188,0.19539057,0.72545248,-0.68251485,0.08883864,0.00000000
0.24909832,0.30381164,0.59833485,0.60518950,0.69402272,0.38997209,0.00000000
-0.40105566,-0.47849938,-0.05756802,-0.60518950,-0.69402272,-0.38997209,0.00000000
0.36481738,0.25771394,-0.51659036,0.32781777,0.22914201,-0.91653121,0.00000000
0.50534892,-0.21501598,-0.39965186,0.72545248,-0.68251485,0.08883864,0.00000000
0.20737897,-0.19403858,0.75245547,-0.32781777,-0.22914201,0.91653121,0.00000000
0.19619554,-0.48458186,0.05390479,0.72545248,-0.68251485,0.08883864,0.00000000
0.46236092,-0.05297622,0.87892246,-0.32781777,-0.22914201,0.91653121,0.00000000
0.28962013,0.30347848,-0.53204477,0.32781777,0.22914201,-0.91653121,0.00000000
0.45840359,0.63294601,-0.31223318,0.60518950,0.69402272,0.38997209,0.00000000
0.90971631,0.22414911,-0.32775390,0.72545248,-0.68251485,0.08883864,0.00000000
-0.48525113,-0.39466137,-0.07611112,-0.60518950,-0.69402272,-0.38997209,0.00000000
0.24009643,0.29005438,0.63678807,0.60518950,0.69402272,0.38997209,0.00000000
0.40633786,0.30888197,0.34529454,0.60518950,0.69402272,0.38997209,0.00000000
0.36822343,0.56357604,-0.04882862,0.60518950,0.69402272,0.38997209,0.00000000
0.66248316,0.36467180,-0.38338310,0.32781777,0.22914201,-0.91653121,0.00000000
0.00072691,0.55657291,-0.57209766,0.32781777,0.22914201,-0.91653121,0.00000000
0.13072081,-0.54633349,0.11415336,0.72545248,-0.68251485,0.08883864,0.00000000
-0.55096370,0.14136907,0.27119917,-0.72545248,0.68251485,-0.08883864,0.00000000
0.25158483,-0.41866273,0.10803084,0.72545248,-0.68251485,0.08883864,0.00000000
0.46471378,0.64971685,-0.35187244,0.60518950,0.69402272,0.38997209,0.00000000
-0.28591514,-0.80532104,0.34538347,-0.60518950,-0.69402272,-0.38997209,0.00000000
0.07383548,-0.19953796,-0.73498404,0.32781777,0.22914201,-0.91653121,0.00000000
-0.46638206,-0.04078342,0.54978520,-0.32781777,-0.22914201,0.91653121,0.00000000
-0.17982163,0.53177738,0.79542583,-0.32781777,-0.22914201,0.91653121,0.00000000
-0.27834857,0.38066122,-0.11657006,-0.72545248,0.68251485,-0.08883864,0.00000000
0.45897299,0.16588676,0.51809579,0.60518950,0.69402272,0.38997209,0.00000000
-0.45838359,-0.53294110,0.42960164,-0.32781777,-0.22914201,0.91653121,0.00000000
-0.04477735,0.66525710,0.16254346,-0.72545248,0.68251485,-0.08883864,0.00000000
-0.59597999,0.03593784,-0.17118995,-0.72545248,0.68251485,-0.08883864,0.00000000
0.65091044,-0.02491667,-0.12783755,0.72545248,-0.68251485,0.08883864,0.00000000
0.13097420,0.05863903,0.78829956,-0.32781777,-0.22914201,0.91653121,0.00000000
-0.00131996,0.63437480,-0.42958504,-0.72545248,0.68251485,-0.08883864,0.00000000
-0.18310493,-0.05153902,-0.78988326,0.32781777,0.22914201,-0.91653121,0.00000000
0.29105234,-0.45904374,-0.52449214,0.72545248,-0.68251485,0.08883864,0.00000000
-0.53742290,0.05431888,-0.50814962,-0.72545248,0.68251485,-0.08883864,0.00000000
0.75787938,0.12141194,0.12284854,0.72545248,-0.68251485,0.08883864,0.00000000
-0.38487160,-0.36327475,-0.28774586,-0.60518950,-0.69402272,-0.38997209,0.00000000
-0.23946282,-0.74422818,0.16456993,-0.60518950,-0.69402272,-0.38997209,0.00000000
0.46638259,-0.16458286,0.30600446,0.72545248,-0.68251485,0.08883864,0.00000000
0.53224123,0.49646485,-0.39701739,0.32781777,0.22914201,-0.91653121,0.00000000
-0.64670515,-0.04440342,-0.37420315,-0.72545248,0.68251485,-0.08883864,0.00000000
-0.01267068,0.66825801,-0.07658268,-0.72545248,0.68251485,-0.08883864,0.00000000
0.51288670,0.19127834,-0.48023966,0.32781777,0.22914201,-0.91653121,0.00000000
0.04148734,-0.46592030,0.62514746,-0.32781777,-0.22914201,0.91653121,0.00000000
-0.34830660,-0.53161299,-0.04490339,-0.60518950,-0.69402272,-0.38997209,0.00000000
-0.40207300,0.18356891,-0.62043011,-0.72545248,0.68251485,-0.08883864,0.00000000
0.00750442,0.68969190,-0.07666349,-0.72545248,0.68251485,-0.08883864,0.00000000
0.34761390,0.61644137,-0.11092806,0.60518950,0.69402272,0.38997209,0.00000000
-0.19531496,0.58540833,0.78686029,0.60518950,0.69402272,0.38997209,0.00000000
0.61365932,-0.02619128,0.16656071,0.72545248,-0.68251485,0.08883864,0.00000000
0.34276792,0.31714132,0.42924839,0.60518950,0.69402272,0.38997209,0.00000000
-0.33128837,-0.24455421,0.54715967,-0.32781777,-0.22914201,0.91653121,0.00000000
-0.55830979,-0.51637417,0.25387609,-0.60518950,-0.69402272,-0.38997209,0.00000000
0.68115908,0.41243351,-0.26548260,0.60518950,0.69402272,0.38997209,0.00000000
0.19621980,-0.45414299,0.28755713,0.72545248,-0.68251485,0.08883864,0.00000000
-0.37534723,0.26045585,-0.24797727,-0.72545248,0.68251485,-0.08883864,0.00000000
-0.36399609,-0.34277892,-0.35661793,-0.60518950,-0.69402272,-0.38997209,0.00000000
-0.10403704,-0.63648742,0.53045392,-0.32781777,-0.22914201,0.91653121,0.00000000
-0.33957329,0.25599799,-0.57435405,-0.72545248,0.68251485,-0.08883864,0.00000000
-0.26007506,-0.27871835,-0.63189763,-0.60518950,-0.69402272,-0.38997209,0.00000000
0.71017331,0.00181144,-0.40643272,0.72545248,-0.68251485,0.08883864,0.00000000
-0.68198144,0.00938867,0.32712638,-0.72545248,0.68251485,-0.08883864,0.00000000
-0.31391793,0.28561020,-0.55635494,-0.72545248,0.68251485,-0.08883864,0.00000000
-0.35152563,-0.33299571,0.51781011,-0.32781777,-0.22914201,0.91653121,0.00000000
0.00929359,-0.64133799,0.37583786,0.72545248,-0.68251485,0.08883864,0.00000000
0.08742887,-0.62888908,-0.16657101,0.72545248,-0.68251485,0.08883864,0.00000000
-0.05270293,-0.76064420,-0.03448781,0.72545248,-0.68251485,0.08883864,0.00000000
-0.16697916,0.36595899,0.75856298,-0.32781777,-0.22914201,0.91653121,0.00000000
-0.83339560,-0.15806821,0.27705911,-0.72545248,0.68251485,-0.08883864,0.00000000
-0.02762524,-0.67836642,0.39283955,0.72545248,-0.68251485,0.08883864,0.00000000
0.59373933,-0.05689853,0.09331439,0.72545248,-0.68251485,0.08883864,0.00000000
0.22831330,0.40717828,0.44663173,0.60518950,0.69402272,0.38997209,0.00000000
-0.54645741,0.05316502,0.54463249,-0.32781777,-0.22914201,0.91653121,0.00000000
-0.75467968,-0.05332801,0.43894833,-0.72545248,0.68251485,-0.08883864,0.00000000
-0.70811337,-0.06132670,-0.00276094,-0.72545248,0.68251485,-0.08883864,0.00000000
-0.23227456,0.39763632,-0.36239484,-0.72545248,0.68251485,-0.08883864,0.00000000
-0.42139593,0.12203171,-0.83171892,0.32781777,0.22914201,-0.91653121,0.00000000
0.42223075,-0.17163567,0.61236203,0.72545248,-0.68251485,0.08883864,0.00000000
0.30916116,-0.26549214,0.77099597,-0.32781777,-0.22914201,0.91653121,0.00000000
0.25426230,0.43796402,0.35157350,0.60518950,0.69402272,0.38997209,0.00000000
-0.81864202,-0.18980248,0.07668963,-0.60518950,-0.69402272,-0.38997209,0.00000000
0.22615221,-0.37386751,-0.72408873,0.32781777,0.22914201,-0.91653121,0.00000000
-0.13032098,-0.43066230,-0.56284976,-0.60518950,-0.69402272,-0.38997209,0.00000000
-0.64916873,0.02679082,0.19287397,-0.72545248,0.68251485,-0.08883864,0.00000000
0.28501225,0.30966204,-0.53214693,0.32781777,0.22914201,-0.91653121,0.00000000
-0.10945432,0.52574384,-0.38113627,-0.72545248,0.68251485,-0.08883864,0.00000000
-0.34768376,-0.44089735,0.49220777,-0.32781777,-0.22914201,0.91653121,0.00000000
-0.74220157,-0.09925575,-0.01579287,-0.72545248,0.68251485,-0.08883864,0.00000000
0.45414338,0.29093698,0.30304235,0.60518950,0.69402272,0.38997209,0.00000000
-0.25257874,-0.09661989,0.61229700,-0.32781777,-0.22914201,0.91653121,0.00000000
0.47103688,0.47551766,-0.05166763,0.60518950,0.69402272,0.38997209,0.00000000
0.12342062,-0.05619864,-0.68141258,0.32781777,0.22914201,-0.91653121,0.00000000
0.69341689,0.30734670,-0.09748503,0.60518950,0.69402272,0.38997209,0.00000000
-0.46657610,-0.62185168,0.29923195,-0.60518950,-0.69402272,-0.38997209,0.00000000
-0.32362762,0.25142199,-0.73972142,-0.72545248,0.68251485,-0.08883864,0.00000000
-0.43710378,0.13001050,-0.74584007,-0.72545248,0.68251485,-0.08883864,0.00000000
0.69116604,0.41897371,-0.35954800,0.32781777,0.22914201,-0.91653121,0.00000000
0.58817822,0.50202739,-0.28063539,0.60518950,0.69402272,0.38997209,0.00000000
0.62340206,0.51434934,-0.35722744,0.60518950,0.69402272,0.38997209,0.00000000
0.05644616,-0.56892353,0.54712564,0.72545248,-0.68251485,0.08883864,0.00000000
-0.52702230,0.00124071,-0.71586335,-0.60518950,-0.69402272,-0.38997209,0.00000000
-0.09618058,0.49043784,0.80203217,0.60518950,0.69402272,0.38997209,0.00000000
-0.26368818,0.47656345,0.50049585,-0.72545248,0.68251485,-0.08883864,0.00000000
0.04435616,0.41489190,0.71838325,0.60518950,0.69402272,0.38997209,0.00000000
-0.42302316,-0.04993318,0.56300586,-0.32781777,-0.22914201,0.91653121,0.00000000
0.49035612,0.51147813,-0.14564656,0.60518950,0.69402272,0.38997209,0.00000000
0.76427352,0.14745168,0.07711489,0.60518950,0.69402272,0.38997209,0.00000000
-0.50535578,0.14242283,-0.09313783,-0.72545248,0.68251485,-0.08883864,0.00000000
-0.79012239,-0.18576244,0.02524053,-0.60518950,-0.69402272,-0.38997209,0.00000000
-0.16653889,-0.55092716,0.52948970,-0.32781777,-0.22914201,0.91653121,0.00000000
-0.44082844,-0.04711651,0.55734164,-0.32781777,-0.22914201,0.91653121,0.00000000
-0.01301593,-0.45157412,0.60923982,-0.32781777,-0.22914201,0.91653121,0.00000000
-0.08244749,0.16982073,0.73976105,-0.32781777,-0.22914201,0.91653121,0.00000000
-0.88502568,-0.21242827,0.28103909,-0.72545248,0.68251485,-0.08883864,0.00000000
-0.49071050,0.22980618,0.45860368,-0.72545248,0.68251485,-0.08883864,0.00000000
0.60149896,-0.10344491,-0.32764941,0.72545248,-0.68251485,0.08883864,0.00000000
-0.44136262,-0.45712769,0.45464370,-0.32781777,-0.22914201,0.91653121,0.00000000
-0.12959358,0.56175363,0.72696638,0.60518950,0.69402272,0.38997209,0.00000000
0.38020554,0.32276821,0.36113566,0.60518950,0.69402272,0.38997209,0.00000000
-0.40263680,0.17445944,-0.68581092,-0.72545248,0.68251485,-0.08883864,0.00000000
-0.10785179,0.16268955,0.72889179,-0.32781777,-0.22914201,0.91653121,0.00000000
-0.48229873,0.09247223,-0.66517276,-0.72545248,0.68251485,-0.08883864,0.00000000
0.20216739,-0.42227966,0.48378393,0.72545248,-0.68251485,0.08883864,0.00000000
-0.36589229,0.32991070,0.20841005,-0.72545248,0.68251485,-0.08883864,0.00000000
-0.28043583,-0.13837272,-0.84640509,0.32781777,0.22914201,-0.91653121,0.00000000
-0.16877152,-0.40587303,-0.54729599,-0.60518950,-0.69402272,-0.38997209,0.00000000
0.10109135,0.77222162,-0.20684421,-0.72545248,0.68251485,-0.08883864,0.00000000
0.32035443,0.71706676,-0.41765073,0.32781777,0.22914201,-0.91653121,0.00000000
0.52405339,0.25306380,0.26195231,0.60518950,0.69402272,0.38997209,0.00000000
-0.06276495,-0.75654829,0.07914564,0.72545248,-0.68251485,0.08883864,0.00000000
-0.39447263,-0.59211355,0.43766716,-0.32781777,-0.22914201,0.91653121,0.00000000
-0.71596408,-0.05977779,0.07324728,-0.72545248,0.68251485,-0.08883864,0.00000000
0.17395815,0.26552910,0.78307366,0.60518950,0.69402272,0.38997209,0.00000000
-0.28764075,0.05452402,-0.80075598,0.32781777,0.22914201,-0.91653121,0.00000000
-0.05615736,-0.36205092,-0.80004841,-0.60518950,-0.69402272,-0.38997209,0.00000000
-0.46236524,-0.62008291,0.28954935,-0.60518950,-0.69402272,-0.38997209,0.00000000
-0.01791085,0.03962270,-0.70800656,0.32781777,0.22914201,-0.91653121,0.00000000
0.09693069,0.65072006,0.21709701,0.60518950,0.69402272,0.38997209,0.00000000
-0.05597799,0.60251939,-0.22798312,-0.72545248,0.68251485,-0.08883864,0.00000000
-0.23758557,0.53187114,0.71225202,-0.72545248,0.68251485,-0.08883864,0.00000000
0.27656421,0.34297872,0.48600647,0.60518950,0.69402272,0.38997209,0.00000000
0.25061217,0.71074587,-0.12822430,0.60518950,0.69402272,0.38997209,0.00000000
0.81602573,0.11956561,-0.36615708,0.72545248,-0.68251485,0.08883864,0.00000000
-0.33210096,0.40290880,0.49328956,-0.72545248,0.68251485,-0.08883864,0.00000000
-0.19207644,0.54740471,0.45996490,-0.72545248,0.68251485,-0.08883864,0.00000000
-0.04958402,-0.06422123,0.69300258,-0.32781777,-0.22914201,0.91653121,0.00000000
0.54950279,0.21705675,0.28653863,0.60518950,0.69402272,0.38997209,0.00000000
0.41866562,-0.20990281,0.34748232,0.72545248,-0.68251485,0.08883864,0.00000000
0.30717552,-0.36578611,0.06031128,0.72545248,-0.68251485,0.08883864,0.00000000
0.26871425,0.43416482,0.33590719,0.60518950,0.69402272,0.38997209,0.00000000
0.73224753,0.40881556,-0.33832681,0.60518950,0.69402272,0.38997209,0.00000000
-0.34335351,0.37126261,0.34205136,-0.72545248,0.68251485,-0.08883864,0.00000000
-0.82089859,-0.18072377,0.06403444,-0.60518950,-0.69402272,-0.38997209,0.00000000
0.72472626,0.08527263,0.11593001,0.72545248,-0.68251485,0.08883864,0.00000000
-0.33726469,0.32413211,-0.06975612,-0.72545248,0.68251485,-0.08883864,0.00000000
0.11344671,-0.05407497,-0.68444902,0.32781777,0.22914201,-0.91653121,0.00000000
-0.54938513,0.05803435,-0.38192195,-0.72545248,0.68251485,-0.08883864,0.00000000
0.69489068,0.36698860,-0.37121260,0.32781777,0.22914201,-0.91653121,0.00000000
-0.28851157,-0.09082777,-0.83740687,0.32781777,0.22914201,-0.91653121,0.00000000
0.25867134,0.55063117,0.14422059,0.60518950,0.69402272,0.38997209,0.00000000
0.63072920,0.00436796,0.26194423,0.72545248,-0.68251485,0.08883864,0.00000000
-0.68127805,-0.33308947,0.11852124,-0.60518950,-0.69402272,-0.38997209,0.00000000
0.09033613,-0.58900273,0.11612037,0.72545248,-0.68251485,0.08883864,0.00000000
-0.56513512,0.00944917,-0.62657070,-0.72545248,0.68251485,-0.08883864,0.00000000
-0.12781696,0.55652958,0.00532768,-0.72545248,0.68251485,-0.08883864,0.00000000
-0.29654524,0.28736618,-0.68472886,-0.72545248,0.68251485,-0.08883864,0.00000000
0.38514462,0.01374458,0.86798513,-0.32781777,-0.22914201,0.91653121,0.00000000
0.39373788,0.29535130,0.38892829,0.60518950,0.69402272,0.38997209,0.00000000
0.05653630,0.70025641,-0.39589265,-0.72545248,0.68251485,-0.08883864,0.00000000
-0.44935983,-0.35826293,-0.19658734,-0.60518950,-0.69402272,-0.38997209,0.00000000
-0.58235592,0.11640049,0.33572158,-0.72545248,0.68251485,-0.08883864,0.00000000
0.74384195,0.10130543,0.08300625,0.72545248,-0.68251485,0.08883864,0.00000000
-0.18424959,0.42246634,-0.56380469,-0.72545248,0.68251485,-0.08883864,0.00000000
0.53849065,-0.09243190,0.27148271,0.72545248,-0.68251485,0.08883864,0.00000000
-0.65755171,-0.01521193,-0.06136256,-0.72545248,0.68251485,-0.08883864,0.00000000
0.50778091,-0.11737966,0.33059233,0.72545248,-0.68251485,0.08883864,0.00000000
-0.38334531,-0.39820272,-0.22795413,-0.60518950,-0.69402272,-0.38997209,0.00000000
0.41452840,-0.24906573,0.08039251,0.72545248,-0.68251485,0.08883864,0.00000000
-0.02852256,-0.51789933,0.58711159,-0.32781777,-0.22914201,0.91653121,0.00000000
-0.55749816,-0.28150597,-0.16537195,-0.60518950,-0.69402272,-0.38997209,0.00000000
-0.51504797,0.12129151,-0.17633599,-0.72545248,0.68251485,-0.08883864,0.00000000
0.55601740,0.32930240,0.07666828,0.60518950,0.69402272,0.38997209,0.00000000
0.58910775,0.11533266,-0.47196472,0.32781777,0.22914201,-0.91653121,0.00000000
-0.20182611,-0.31277758,0.57640821,-0.32781777,-0.22914201,0.91653121,0.00000000
-0.56630397,0.02549908,-0.49372002,-0.72545248,0.68251485,-0.08883864,0.00000000
0.44673216,-0.12085450,0.80241758,0.72545248,-0.68251485,0.08883864,0.00000000
-0.51571012,0.03578968,0.55128592,-0.32781777,-0.22914201,0.91653121,0.00000000
-0.30372199,0.20732203,0.66999298,-0.32781777,-0.22914201,0.91653121,0.00000000
0.02206000,0.16689299,0.77640849,-0.32781777,-0.22914201,0.91653121,0.00000000
0.54797357,0.23139562,0.26339334,0.60518950,0.69402272,0.38997209,0.00000000
0.26687732,0.16855462,0.81145710,0.60518950,0.69402272,0.38997209,0.00000000
-0.42603919,-0.38753358,-0.18068600,-0.60518950,-0.69402272,-0.38997209,0.00000000
-0.75159669,-0.10691340,0.00209598,-0.72545248,0.68251485,-0.08883864,0.00000000
0.17558673,0.19456907,-0.60005981,0.32781777,0.22914201,-0.91653121,0.00000000
-0.09304848,-0.79508966,0.02786935,-0.60518950,-0.69402272,-0.38997209,0.00000000
-0.02867790,-0.69484329,-0.25043178,-0.60518950,-0.69402272,-0.38997209,0.00000000
-0.39477864,-0.05196014,-0.82640928,-0.60518950,-0.69402272,-0.38997209,0.00000000
-0.20465106,0.40153676,-0.55800140,-0.72545248,0.68251485,-0.08883864,0.00000000
0.60276502,-0.00482587,0.41966563,0.72545248,-0.68251485,0.08883864,0.00000000
0.37686089,0.48629516,0.07530179,0.60518950,0.69402272,0.38997209,0.00000000
-0.18207629,0.50379491,0.04326564,-0.72545248,0.68251485,-0.08883864,0.00000000
0.08792101,0.10730084,-0.65323335,0.32781777,0.22914201,-0.91653121,0.00000000
0.12861912,-0.40022019,0.67273778,-0.32781777,-0.22914201,0.91653121,0.00000000
-0.26080558,0.42252055,0.06176486,-0.72545248,0.68251485,-0.08883864,0.00000000
-0.20694745,-0.57754457,-0.18253241,-0.60518950,-0.69402272,-0.38997209,0.00000000
0.21167931,-0.49574566,-0.15830246,0.72545248,-0.68251485,0.08883864,0.00000000
-0.28919536,-0.09597841,-0.83893913,0.32781777,0.22914201,-0.91653121,0.00000000
0.84097385,0.16678935,-0.20707944,0.72545248,-0.68251485,0.08883864,0.00000000
-0.08210453,0.18298438,-0.69512498,0.32781777,0.22914201,-0.91653121,0.00000000
-0.37155122,-0.42021123,0.48884279,-0.32781777,-0.22914201,0.91653121,0.00000000
-0.08799836,-0.77821934,0.11871044,0.72545248,-0.68251485,0.08883864,0.00000000
0.01987241,0.69170874,-0.16216496,-0.72545248,0.68251485,-0.08883864,0.00000000
0.21586499,0.42882729,0.42742184,0.60518950,0.69402272,0.38997209,0.00000000
0.20804407,0.54556870,-0.50069726,0.32781777,0.22914201,-0.91653121,0.00000000
0.35989663,0.27199578,0.48301101,0.60518950,0.69402272,0.38997209,0.00000000
-0.42041853,-0.40706176,-0.15465479,-0.60518950,-0.69402272,-0.38997209,0.00000000
-0.22785942,-0.66236919,0.00088054,-0.60518950,-0.69402272,-0.38997209,0.00000000
-0.31388626,0.32673198,-0.24068981,-0.72545248,0.68251485,-0.08883864,0.00000000
0.15273196,-0.13384545,0.74795860,-0.32781777,-0.22914201,0.91653121,0.00000000
0.06332101,-0.27244070,0.68132859,-0.32781777,-0.22914201,0.91653121,0.00000000
0.50971943,-0.05742652,0.77536064,0.72545248,-0.68251485,0.08883864,0.00000000
0.14380895,-0.30840030,-0.73717320,0.32781777,0.22914201,-0.91653121,0.00000000
-0.66106552,-0.00111248,0.07565171,-0.72545248,0.68251485,-0.08883864,0.00000000
0.30720779,-0.45824689,-0.65029436,0.72545248,-0.68251485,0.08883864,0.00000000
0.20854223,-0.11650173,0.77225655,-0.32781777,-0.22914201,0.91653121,0.00000000
0.18896472,-0.02359335,-0.64981759,0.32781777,0.22914201,-0.91653121,0.00000000
0.42556673,-0.31162566,-0.49037138,0.72545248,-0.68251485,0.08883864,0.00000000
-0.45567924,-0.24754244,0.50192142,-0.32781777,-0.22914201,0.91653121,0.00000000
-0.06805848,-0.07925833,-0.75566447,0.32781777,0.22914201,-0.91653121,0.00000000
0.49804240,-0.19813062,-0.21026358,0.72545248,-0.68251485,0.08883864,0.00000000
0.14971277,0.02939987,0.78769177,-0.32781777,-0.22914201,0.91653121,0.00000000
0.21128109,-0.51066297,-0.26965502,0.72545248,-0.68251485,0.08883864,0.00000000
0.27877414,0.79473960,-0.32140961,0.60518950,0.69402272,0.38997209,0.00000000
-0.32504290,0.37518653,0.22267348,-0.72545248,0.68251485,-0.08883864,0.00000000
0.12680790,-0.61275250,-0.36416689,0.72545248,-0.68251485,0.08883864,0.00000000
-0.07943261,-0.37297988,0.60513377,-0.32781777,-0.22914201,0.91653121,0.00000000
0.56294078,0.04954317,0.56380391,0.60518950,0.69402272,0.38997209,0.00000000
-0.25327632,0.06056370,-0.78695482,0.32781777,0.22914201,-0.91653121,0.00000000
-0.04514536,0.50954288,-0.60026288,0.32781777,0.22914201,-0.91653121,0.00000000
0.64654607,0.23785228,-0.42078948,0.32781777,0.22914201,-0.91653121,0.00000000
-0.54870898,0.11469880,0.04788859,-0.72545248,0.68251485,-0.08883864,0.00000000
-0.46623555,-0.15742809,-0.52781844,-0.60518950,-0.69402272,-0.38997209,0.00000000
0.55223531,0.15549305,0.39186141,0.60518950,0.69402272,0.38997209,0.00000000
0.49589661,0.00781141,-0.53218514,0.32781777,0.22914201,-0.91653121,0.00000000
-0.14063303,-0.44059122,0.56634057,-0.32781777,-0.22914201,0.91653121,0.00000000
0.37728462,0.74648190,-0.38840306,0.60518950,0.69402272,0.38997209,0.00000000
0.83285087,0.16807929,-0.37159735,0.32781777,0.22914201,-0.91653121,0.00000000
0.17380542,-0.47238821,0.33042109,0.72545248,-0.68251485,0.08883864,0.00000000
0.35039592,-0.35479742,-0.20820233,0.72545248,-0.68251485,0.08883864,0.00000000
-0.07530868,0.62597758,0.11009112,-0.72545248,0.68251485,-0.08883864,0.00000000
0.47124723,0.28185818,0.29265651,0.60518950,0.69402272,0.38997209,0.00000000
-0.12708619,-0.05619961,0.66728765,-0.32781777,-0.22914201,0.91653121,0.00000000
-0.10760352,0.58352208,0.65409970,0.60518950,0.69402272,0.38997209,0.00000000
-0.33405790,0.28206366,-0.41913903,-0.72545248,0.68251485,-0.08883864,0.00000000
-0.26003465,0.48393029,0.52725768,-0.72545248,0.68251485,-0.08883864,0.00000000
0.08594473,-0.55808264,0.38952804,0.72545248,-0.68251485,0.08883864,0.00000000
0.13719326,-0.63413793,-0.61327010,0.72545248,-0.68251485,0.08883864,0.00000000
0.17979392,0.50937676,0.34004810,0.60518950,0.69402272,0.38997209,0.00000000
0.11598984,0.75460988,-0.46380937,-0.72545248,0.68251485,-0.08883864,0.00000000
-0.32800484,0.34619156,0.02410292,-0.72545248,0.68251485,-0.08883864,0.00000000
-0.07739048,-0.06607429,-0.75570607,0.32781777,0.22914201,-0.91653121,0.00000000
-0.09807803,-0.42093417,-0.63019979,-0.60518950,-0.69402272,-0.38997209,0.00000000
-0.07407506,0.56168479,-0.39392075,-0.72545248,0.68251485,-0.08883864,0.00000000
0.17904507,-0.58325845,-0.56414133,0.72545248,-0.68251485,0.08883864,0.00000000
-0.04691830,-0.09973334,-0.75322211,0.32781777,0.22914201,-0.91653121,0.00000000
0.12955815,-0.59760171,-0.27022743,0.72545248,-0.68251485,0.08883864,0.00000000
0.39981079,-0.18229653,0.71353912,0.72545248,-0.68251485,0.08883864,0.00000000
0.65564454,-0.03257404,-0.22532514,0.72545248,-0.68251485,0.08883864,0.00000000
-0.07163835,-0.24797113,-0.79912478,0.32781777,0.22914201,-0.91653121,0.00000000
0.59327912,0.05549211,0.50613528,0.60518950,0.69402272,0.38997209,0.00000000
-0.69828802,-0.06926546,-0.14398471,-0.72545248,0.68251485,-0.08883864,0.00000000
0.27995610,0.33566850,-0.52745348,0.32781777,0.22914201,-0.91653121,0.00000000
0.25843412,-0.22132149,0.76389545,-0.32781777,-0.22914201,0.91653121,0.00000000
-0.18171020,0.47797796,-0.15806603,-0.72545248,0.68251485,-0.08883864,0.00000000
-0.58921266,-0.04506894,-0.53693539,-0.60518950,-0.69402272,-0.38997209,0.00000000
-0.48298365,0.15489706,-0.17999265,-0.72545248,0.68251485,-0.08883864,0.00000000
0.17707971,0.82371360,-0.43176842,-0.72545248,0.68251485,-0.08883864,0.00000000
0.60130990,0.20988812,0.21889821,0.60518950,0.69402272,0.38997209,0.00000000
-0.36084616,0.34502453,0.28331751,-0.72545248,0.68251485,-0.08883864,0.00000000
-0.20519446,0.23237272,0.71149653,-0.32781777,-0.22914201,0.91653121,0.00000000
-0.46903828,-0.60890186,0.28000647,-0.60518950,-0.69402272,-0.38997209,0.00000000
0.31005901,-0.38419914,-0.10469577,0.72545248,-0.68251485,0.08883864,0.00000000
-0.06184183,-0.26005757,-0.79864258,0.32781777,0.22914201,-0.91653121,0.00000000
-0.23738673,0.00637119,0.64347959,-0.32781777,-0.22914201,0.91653121,0.00000000
-0.08974037,-0.74623895,0.37862882,0.72545248,-0.68251485,0.08883864,0.00000000
0.15879919,-0.55962968,-0.21728337,0.72545248,-0.68251485,0.08883864,0.00000000
-0.32594651,0.40948048,0.49352080,-0.72545248,0.68251485,-0.08883864,0.00000000
-0.71236521,-0.08901272,-0.18074216,-0.72545248,0.68251485,-0.08883864,0.00000000
-0.44142568,0.16595653,-0.43438733,-0.72545248,0.68251485,-0.08883864,0.00000000
-0.50579113,0.07658596,-0.59538341,-0.72545248,0.68251485,-0.08883864,0.00000000
0.27321398,0.13687311,0.85800612,0.60518950,0.69402272,0.38997209,0.00000000
-0.02557431,-0.05827260,-0.73522240,0.32781777,0.22914201,-0.91653121,0.00000000
-0.39604956,0.19488083,-0.58271223,-0.72545248,0.68251485,-0.08883864,0.00000000
-0.15758109,-0.70365798,-0.03470236,-0.60518950,-0.69402272,-0.38997209,0.00000000
0.70020616,0.09415758,0.27138576,0.60518950,0.69402272,0.38997209,0.00000000
-0.56169760,0.03691063,-0.44366464,-0.72545248,0.68251485,-0.08883864,0.00000000
0.69418609,-0.02159692,-0.45571947,0.72545248,-0.68251485,0.08883864,0.00000000
-0.43704346,0.27727818,0.38507116,-0.72545248,0.68251485,-0.08883864,0.00000000
-0.23566227,0.44017190,-0.00794575,-0.72545248,0.68251485,-0.08883864,0.00000000
-0.05361898,0.33173648,-0.64774704,0.32781777,0.22914201,-0.91653121,0.00000000
-0.23767063,-0.34258592,0.55613524,-0.32781777,-0.22914201,0.91653121,0.00000000
-0.49138731,0.22530112,0.42951977,-0.72545248,0.68251485,-0.08883864,0.00000000
0.16246031,0.52528542,0.33863556,0.60518950,0.69402272,0.38997209,0.00000000
0.00151636,-0.38148719,0.63196003,-0.32781777,-0.22914201,0.91653121,0.00000000
-0.70981050,-0.08938875,-0.20449321,-0.72545248,0.68251485,-0.08883864,0.00000000
-0.08538449,-0.72665727,-0.10581156,-0.60518950,-0.69402272,-0.38997209,0.00000000
0.14578439,-0.56623125,-0.16172218,0.72545248,-0.68251485,0.08883864,0.00000000
0.10738430,-0.55818862,0.21363986,0.72545248,-0.68251485,0.08883864,0.00000000
0.64008820,0.47612357,-0.31509307,0.60518950,0.69402272,0.38997209,0.00000000
0.11892205,0.80460066,-0.10369299,-0.72545248,0.68251485,-0.08883864,0.00000000
0.18044883,0.03450993,0.79996270,-0.32781777,-0.22914201,0.91653121,0.00000000
0.44427738,0.27090344,0.35400638,0.60518950,0.69402272,0.38997209,0.00000000
-0.16151351,-0.83358806,0.29365337,0.72545248,-0.68251485,0.08883864,0.00000000
0.40679455,-0.25226524,0.11896570,0.72545248,-0.68251485,0.08883864,0.00000000
0.64057767,0.43745157,-0.24702910,0.60518950,0.69402272,0.38997209,0.00000000
-0.57394809,0.05404735,-0.21197230,-0.72545248,0.68251485,-0.08883864,0.00000000
-0.25290069,0.50818646,0.65535355,-0.72545248,0.68251485,-0.08883864,0.00000000
0.11193147,-0.42769319,0.65990055,-0.32781777,-0.22914201,0.91653121,0.00000000
0.19414392,-0.49370152,0.00059504,0.72545248,-0.68251485,0.08883864,0.00000000
0.14708479,0.80786622,-0.30858058,-0.72545248,0.68251485,-0.08883864,0.00000000
-0.11428422,0.63888931,0.52756000,-0.72545248,0.68251485,-0.08883864,0.00000000
-0.41225636,-0.66968381,0.41191304,-0.32781777,-0.22914201,0.91653121,0.00000000
0.18543470,-0.59691900,-0.72126776,0.72545248,-0.68251485,0.08883864,0.00000000
-0.38877156,0.27584827,-0.02010073,-0.72545248,0.68251485,-0.08883864,0.00000000
-0.10456163,0.51825827,-0.47859892,-0.72545248,0.68251485,-0.08883864,0.00000000
0.11486255,0.29238144,0.82699448,0.60518950,0.69402272,0.38997209,0.00000000
-0.32916838,0.41885531,0.59185332,-0.72545248,0.68251485,-0.08883864,0.00000000
-0.30059361,-0.05864557,0.60461736,-0.32781777,-0.22914201,0.91653121,0.00000000
-0.21877526,-0.37632135,0.55445939,-0.32781777,-0.22914201,0.91653121,0.00000000
-0.48461491,-0.30950740,-0.22864459,-0.60518950,-0.69402272,-0.38997209,0.00000000
0.23157258,0.14099842,-0.59342837,0.32781777,0.22914201,-0.91653121,0.00000000
0.05124075,-0.48717350,-0.74404013,-0.60518950,-0.69402272,-0.38997209,0.00000000
-0.09686998,-0.73747230,-0.06874025,-0.60518950,-0.69402272,-0.38997209,0.00000000
0.25705186,0.19042663,-0.57195765,0.32781777,0.22914201,-0.91653121,0.00000000
0.30546397,-0.42197600,-0.70774871,0.32781777,0.22914201,-0.91653121,0.00000000
0.53655297,0.22606902,0.29059640,0.60518950,0.69402272,0.38997209,0.00000000
0.40122804,0.51005381,-0.44047979,0.32781777,0.22914201,-0.91653121,0.00000000
-0.44925943,0.12968373,-0.64908803,-0.72545248,0.68251485,-0.08883864,0.00000000
-0.29167429,-0.36184266,-0.43492547,-0.60518950,-0.69402272,-0.38997209,0.00000000
0.06317098,-0.65677571,-0.18272531,0.72545248,-0.68251485,0.08883864,0.00000000
0.78994042,0.17433880,-0.01056739,0.60518950,0.69402272,0.38997209,0.00000000
-0.12409008,0.01446540,-0.75227350,0.32781777,0.22914201,-0.91653121,0.00000000
-0.50999385,-0.19302286,-0.39656383,-0.60518950,-0.69402272,-0.38997209,0.00000000
-0.18130036,0.55086082,0.39851996,-0.72545248,0.68251485,-0.08883864,0.00000000
-0.78276736,-0.10249117,0.29060876,-0.72545248,0.68251485,-0.08883864,0.00000000
-0.00703159,0.65260446,-0.24289206,-0.72545248,0.68251485,-0.08883864,0.00000000
0.00792540,-0.07056339,-0.72631335,0.32781777,0.22914201,-0.91653121,0.00000000
0.10082684,0.08872380,0.78503811,-0.32781777,-0.22914201,0.91653121,0.00000000
-0.61721325,-0.31191653,-0.01858051,-0.60518950,-0.69402272,-0.38997209,0.00000000
-0.05785087,-0.69846267,0.48526818,0.72545248,-0.68251485,0.08883864,0.00000000
-0.36086398,-0.57170457,0.04593414,-0.60518950,-0.69402272,-0.38997209,0.00000000
0.00071017,-0.60193980,-0.46137631,-0.60518950,-0.69402272,-0.38997209,0.00000000
0.07043013,-0.22518140,0.69568658,-0.32781777,-0.22914201,0.91653121,0.00000000
0.63544166,0.34692541,-0.07795168,0.60518950,0.69402272,0.38997209,0.00000000
-0.47514966,0.10889743,-0.59736300,-0.72545248,0.68251485,-0.08883864,0.00000000
0.44661736,0.27548307,-0.48289037,0.32781777,0.22914201,-0.91653121,0.00000000
0.27029324,-0.12494479,0.79223228,-0.32781777,-0.22914201,0.91653121,0.00000000
0.22348844,-0.53570122,-0.56169915,0.72545248,-0.68251485,0.08883864,0.00000000
0.36405349,-0.23090494,0.63209116,0.72545248,-0.68251485,0.08883864,0.00000000
0.01405780,-0.69419456,-0.06914439,0.72545248,-0.68251485,0.08883864,0.00000000
0.23700543,0.27381673,-0.55827928,0.32781777,0.22914201,-0.91653121,0.00000000
-0.42816624,-0.08768257,0.55172867,-0.32781777,-0.22914201,0.91653121,0.00000000
0.22206934,-0.48325273,-0.14716853,0.72545248,-0.68251485,0.08883864,0.00000000
-0.11758369,0.11092473,-0.72583061,0.32781777,0.22914201,-0.91653121,0.00000000
0.62205881,-0.00037172,0.29633325,0.72545248,-0.68251485,0.08883864,0.00000000
-0.03102582,0.31136757,0.79354131,-0.32781777,-0.22914201,0.91653121,0.00000000
-0.25208387,-0.60379922,-0.06576151,-0.60518950,-0.69402272,-0.38997209,0.00000000
0.03226296,0.72166461,-0.03320566,-0.72545248,0.68251485,-0.08883864,0.00000000
-0.53310710,-0.03394274,-0.64380533,-0.60518950,-0.69402272,-0.38997209,0.00000000
-0.54173481,-0.36447525,0.44190738,-0.32781777,-0.22914201,0.91653121,0.00000000
0.80831885,0.23128790,-0.14043924,0.60518950,0.69402272,0.38997209,0.00000000
-0.43901598,0.28658095,0.64141762,-0.32781777,-0.22914201,0.91653121,0.00000000
0.58723468,0.03524528,0.55154824,0.60518950,0.69402272,0.38997209,0.00000000
0.70456445,0.06315959,0.11068432,0.72545248,-0.68251485,0.08883864,0.00000000
-0.33741713,0.25518396,-0.59821463,-0.72545248,0.68251485,-0.08883864,0.00000000
0.18521781,0.49955553,-0.52036530,0.32781777,0.22914201,-0.91653121,0.00000000
-0.52192682,0.05515900,-0.62823582,-0.72545248,0.68251485,-0.08883864,0.00000000
0.53189951,0.05838138,0.59624708,0.60518950,0.69402272,0.38997209,0.00000000
0.30472550,0.42953035,0.28826988,0.60518950,0.69402272,0.38997209,0.00000000
-0.05065731,0.52491957,-0.59839004,0.32781777,0.22914201,-0.91653121,0.00000000
0.25248593,0.31579295,-0.54224789,0.32781777,0.22914201,-0.91653121,0.00000000
0.04425628,0.16544604,0.78398579,-0.32781777,-0.22914201,0.91653121,0.00000000
0.51094395,-0.20325589,-0.35499248,0.72545248,-0.68251485,0.08883864,0.00000000
0.64194322,0.01438597,0.24733615,0.72545248,-0.68251485,0.08883864,0.00000000
-0.09077064,0.62814611,0.25301310,-0.72545248,0.68251485,-0.08883864,0.00000000
0.01845891,-0.08844657,-0.72701675,0.32781777,0.22914201,-0.91653121,0.00000000
0.41418141,0.52029836,-0.04312983,0.60518950,0.69402272,0.38997209,0.00000000
0.13587418,-0.50906122,0.35842037,0.72545248,-0.68251485,0.08883864,0.00000000
0.25988126,-0.38974115,0.26247633,0.72545248,-0.68251485,0.08883864,0.00000000
0.44062534,0.25808981,0.38247791,0.60518950,0.69402272,0.38997209,0.00000000
0.21256472,-0.51510137,-0.31423551,0.72545248,-0.68251485,0.08883864,0.00000000
0.27862388,0.43231726,-0.50376678,0.32781777,0.22914201,-0.91653121,0.00000000
-0.14038832,0.53298658,-0.07288684,-0.72545248,0.68251485,-0.08883864,0.00000000
0.54306459,0.25611979,0.22701061,0.60518950,0.69402272,0.38997209,0.00000000
0.02871570,-0.65465641,-0.41101918,-0.60518950,-0.69402272,-0.38997209,0.00000000
0.04193598,-0.07164049,-0.71441799,0.32781777,0.22914201,-0.91653121,0.00000000
0.02003772,0.47630543,0.64682657,0.60518950,0.69402272,0.38997209,0.00000000
-0.31708103,-0.06107743,-0.84018749,0.32781777,0.22914201,-0.91653121,0.00000000
0.60356414,-0.11770885,-0.45409814,0.72545248,-0.68251485,0.08883864,0.00000000
-0.08691205,-0.74320853,0.37881497,0.72545248,-0.68251485,0.08883864,0.00000000
-0.07365461,-0.73316294,0.34773159,0.72545248,-0.68251485,0.08883864,0.00000000
0.22913194,0.61198837,0.08086647,0.60518950,0.69402272,0.38997209,0.00000000
-0.56070530,0.16843374,0.55867630,-0.72545248,0.68251485,-0.08883864,0.00000000
0.49523452,0.37980965,0.08110963,0.60518950,0.69402272,0.38997209,0.00000000
0.13247384,-0.19213149,-0.71215904,0.32781777,0.22914201,-0.91653121,0.00000000
-0.08190335,-0.54114068,-0.44137269,-0.60518950,-0.69402272,-0.38997209,0.00000000
0.48188895,0.22199276,-0.48364776,0.32781777,0.22914201,-0.91653121,0.00000000
0.41064370,-0.32837296,-0.49717385,0.72545248,-0.68251485,0.08883864,0.00000000
0.15415545,0.77361584,-0.46295765,0.32781777,0.22914201,-0.91653121,0.00000000
0.56694239,0.00268818,0.64098036,0.60518950,0.69402272,0.38997209,0.00000000
0.30820516,0.12881759,-0.56906438,0.32781777,0.22914201,-0.91653121,0.00000000
-0.27402997,0.32205573,-0.60208017,-0.72545248,0.68251485,-0.08883864,0.00000000
0.19253810,-0.52874565,-0.77483267,0.32781777,0.22914201,-0.91653121,0.00000000
0.06908135,0.47550064,0.57214904,0.60518950,0.69402272,0.38997209,0.00000000
-0.18163279,0.49215201,-0.04980396,-0.72545248,0.68251485,-0.08883864,0.00000000
0.02070406,-0.13664386,0.70003629,-0.32781777,-0.22914201,0.91653121,0.00000000
-0.09154769,0.62984139,0.27238235,-0.72545248,0.68251485,-0.08883864,0.00000000
-0.04984925,0.56992942,-0.52840722,-0.72545248,0.68251485,-0.08883864,0.00000000
0.74781144,0.15536235,0.08858364,0.60518950,0.69402272,0.38997209,0.00000000
0.05303185,0.07525778,-0.67372328,0.32781777,0.22914201,-0.91653121,0.00000000
0.04789113,-0.56084317,0.60370624,-0.32781777,-0.22914201,0.91653121,0.00000000
-0.45093989,0.22584017,0.10336947,-0.72545248,0.68251485,-0.08883864,0.00000000
-0.08197655,0.55228090,0.66992879,0.60518950,0.69402272,0.38997209,0.00000000
-0.53744763,-0.02003176,-0.66182643,-0.60518950,-0.69402272,-0.38997209,0.00000000
-0.27522326,-0.03806784,0.61883628,-0.32781777,-0.22914201,0.91653121,0.00000000
0.51832819,-0.13964678,0.07339379,0.72545248,-0.68251485,0.08883864,0.00000000
0.36242160,-0.29277414,-0.65507483,0.32781777,0.22914201,-0.91653121,0.00000000
0.28023034,-0.47887951,-0.58851081,0.72545248,-0.68251485,0.08883864,0.00000000
-0.26147965,0.38291469,0.72900188,-0.32781777,-0.22914201,0.91653121,0.00000000
-0.34047389,0.31477118,0.68371123,-0.32781777,-0.22914201,0.91653121,0.00000000
-0.35781029,-0.28547013,-0.46820852,-0.60518950,-0.69402272,-0.38997209,0.00000000
0.17844248,0.82298952,-0.21598265,0.60518950,0.69402272,0.38997209,0.00000000
0.17105393,-0.54141039,-0.17738302,0.72545248,-0.68251485,0.08883864,0.00000000
-0.43229926,-0.09569644,-0.69034564,-0.60518950,-0.69402272,-0.38997209,0.00000000
-0.01268743,-0.72700274,-0.10279726,0.72545248,-0.68251485,0.08883864,0.00000000
0.66319633,0.10297766,-0.44855413,0.32781777,0.22914201,-0.91653121,0.00000000
0.12178324,-0.27725747,0.70103467,-0.32781777,-0.22914201,0.91653121,0.00000000
-0.79386455,-0.20999315,0.07417062,-0.60518950,-0.69402272,-0.38997209,0.00000000
-0.22289184,0.48660198,0.24447697,-0.72545248,0.68251485,-0.08883864,0.00000000
0.12876350,0.45820394,0.51031208,0.60518950,0.69402272,0.38997209,0.00000000
-0.20043086,-0.86621648,0.36077860,0.72545248,-0.68251485,0.08883864,0.00000000
-0.45377579,-0.06273395,-0.71567905,-0.60518950,-0.69402272,-0.38997209,0.00000000
-0.54610962,0.14338394,0.24704012,-0.72545248,0.68251485,-0.08883864,0.00000000
-0.41180837,-0.63766599,0.24238342,-0.60518950,-0.69402272,-0.38997209,0.00000000
-0.65649986,-0.44709709,0.28296465,-0.60518950,-0.69402272,-0.38997209,0.00000000
-0.20177799,-0.80187631,0.20868243,-0.60518950,-0.69402272,-0.38997209,0.00000000
-0.21625333,0.37315542,0.74273819,-0.32781777,-0.22914201,0.91653121,0.00000000
-0.04699669,-0.65985048,-0.28427908,-0.60518950,-0.69402272,-0.38997209,0.00000000
-0.30657172,-0.79729885,0.36316302,-0.60518950,-0.69402272,-0.38997209,0.00000000
-0.42191568,-0.28831574,-0.36366034,-0.60518950,-0.69402272,-0.38997209,0.00000000
0.00819288,0.71130955,0.24697797,0.60518950,0.69402272,0.38997209,0.00000000
-0.26662725,0.33796620,-0.54029608,-0.72545248,0.68251485,-0.08883864,0.00000000
-0.39091232,-0.17278375,-0.61738300,-0.60518950,-0.69402272,-0.38997209,0.00000000
-0.10785055,-0.73387438,-0.05810294,-0.60518950,-0.69402272,-0.38997209,0.00000000
-0.17448547,-0.78988302,0.14498340,-0.60518950,-0.69402272,-0.38997209,0.00000000
-0.31330353,-0.26247129,-0.57820797,-0.60518950,-0.69402272,-0.38997209,0.00000000
-0.21548755,0.31375793,-0.71013767,0.32781777,0.22914201,-0.91653121,0.00000000
0.11684507,0.19031954,-0.62213248,0.32781777,0.22914201,-0.91653121,0.00000000
0.66204119,0.17294134,-0.43147567,0.32781777,0.22914201,-0.91653121,0.00000000
0.15593918,0.80041403,-0.43813723,-0.72545248,0.68251485,-0.08883864,0.00000000
-0.15709557,-0.83624244,0.23718405,0.72545248,-0.68251485,0.08883864,0.00000000
0.12949437,-0.17756303,-0.70958245,0.32781777,0.22914201,-0.91653121,0.00000000
-0.35905883,0.28685677,-0.17815877,-0.72545248,0.68251485,-0.08883864,0.00000000
-0.14099692,0.30085599,-0.68672013,0.32781777,0.22914201,-0.91653121,0.00000000
-0.07646036,0.63282734,0.17211960,-0.72545248,0.68251485,-0.08883864,0.00000000
0.26327974,0.06347498,0.83683056,-0.32781777,-0.22914201,0.91653121,0.00000000
0.33343452,0.22156520,0.61382693,0.60518950,0.69402272,0.38997209,0.00000000
-0.02124313,0.05699819,0.73344541,-0.32781777,-0.22914201,0.91653121,0.00000000
0.79698801,0.32518592,-0.34514630,0.32781777,0.22914201,-0.91653121,0.00000000
-0.08210137,0.55403447,-0.38715303,-0.72545248,0.68251485,-0.08883864,0.00000000
0.28842857,0.72723234,-0.42652828,0.32781777,0.22914201,-0.91653121,0.00000000
-0.75238115,-0.06780864,0.30892965,-0.72545248,0.68251485,-0.08883864,0.00000000
-0.11146213,0.57251716,0.67967290,0.60518950,0.69402272,0.38997209,0.00000000
-0.02032016,-0.74143499,-0.15134631,0.72545248,-0.68251485,0.08883864,0.00000000
-0.10030299,-0.49399397,0.56741428,-0.32781777,-0.22914201,0.91653121,0.00000000
-0.40682325,-0.16184388,-0.61216050,-0.60518950,-0.69402272,-0.38997209,0.00000000
0.63188356,-0.01818237,0.07927224,0.72545248,-0.68251485,0.08883864,0.00000000
-0.74205458,-0.07825251,0.14436620,-0.72545248,0.68251485,-0.08883864,0.00000000
-0.52230471,0.05156558,-0.65275711,-0.72545248,0.68251485,-0.08883864,0.00000000
-0.30306435,-0.47214323,-0.22095054,-0.60518950,-0.69402272,-0.38997209,0.00000000
-0.06305774,-0.31603044,0.62522852,-0.32781777,-0.22914201,0.91653121,0.00000000
0.21669492,-0.49903622,-0.22454019,0.72545248,-0.68251485,0.08883864,0.00000000
-0.17706397,0.47303879,-0.23395246,-0.72545248,0.68251485,-0.08883864,0.00000000
-0.14820565,0.48276794,-0.39486262,-0.72545248,0.68251485,-0.08883864,0.00000000
-0.59014064,-0.13414291,-0.37697285,-0.60518950,-0.69402272,-0.38997209,0.00000000
-0.11765917,-0.61552227,0.53082317,-0.32781777,-0.22914201,0.91653121,0.00000000
-0.66359502,-0.03288902,-0.14781980,-0.72545248,0.68251485,-0.08883864,0.00000000
-0.42423338,0.21636511,-0.18750854,-0.72545248,0.68251485,-0.08883864,0.00000000
-0.35419455,0.24647425,-0.52812463,-0.72545248,0.68251485,-0.08883864,0.00000000
-0.12357401,-0.73205221,-0.03694491,-0.60518950,-0.69402272,-0.38997209,0.00000000
0.58717763,-0.02064122,0.42544848,0.72545248,-0.68251485,0.08883864,0.00000000
-0.67456603,-0.09566524,0.46160254,-0.32781777,-0.22914201,0.91653121,0.00000000
0.02105702,-0.64699763,0.23629732,0.72545248,-0.68251485,0.08883864,0.00000000
0.26672488,-0.47898912,-0.47906771,0.72545248,-0.68251485,0.08883864,0.00000000
-0.78193897,-0.13791323,0.41263580,-0.32781777,-0.22914201,0.91653121,0.00000000
0.05659488,0.26465738,0.81320280,-0.32781777,-0.22914201,0.91653121,0.00000000
-0.47345272,-0.58359164,0.24181324,-0.60518950,-0.69402272,-0.38997209,0.00000000
-0.70434076,-0.09237956,-0.27213570,-0.72545248,0.68251485,-0.08883864,0.00000000
0.07271577,0.65776563,-0.52105010,0.32781777,0.22914201,-0.91653121,0.00000000
0.49117315,-0.07432031,0.79702014,0.72545248,-0.68251485,0.08883864,0.00000000
-0.26865482,0.43295214,0.20600352,-0.72545248,0.68251485,-0.08883864,0.00000000
-0.05459330,-0.24820155,0.64521396,-0.32781777,-0.22914201,0.91653121,0.00000000
-0.05654301,0.47643036,-0.61261803,0.32781777,0.22914201,-0.91653121,0.00000000
0.08767510,-0.60581726,0.00867037,0.72545248,-0.68251485,0.08883864,0.00000000
0.39284572,-0.31514814,-0.25023472,0.72545248,-0.68251485,0.08883864,0.00000000
-0.11580896,0.59895033,0.23317423,-0.72545248,0.68251485,-0.08883864,0.00000000
0.79846096,0.09661467,-0.39904717,0.72545248,-0.68251485,0.08883864,0.00000000
-0.65503901,-0.03765876,-0.25433215,-0.72545248,0.68251485,-0.08883864,0.00000000
0.15942733,-0.29549590,0.70993918,-0.32781777,-0.22914201,0.91653121,0.00000000
0.27087712,0.00399991,-0.61362123,0.32781777,0.22914201,-0.91653121,0.00000000
-0.34395313,-0.24331640,0.54293936,-0.32781777,-0.22914201,0.91653121,0.00000000
-0.01613327,0.67473042,0.00141785,-0.72545248,0.68251485,-0.08883864,0.00000000
0.49387622,0.38153785,-0.43947238,0.32781777,0.22914201,-0.91653121,0.00000000
0.38454098,0.24259944,-0.51331460,0.32781777,0.22914201,-0.91653121,0.00000000
0.08639793,0.14497593,-0.64435887,0.32781777,0.22914201,-0.91653121,0.00000000
0.14162600,0.78188014,-0.46364564,-0.72545248,0.68251485,-0.08883864,0.00000000
0.86242998,0.17163797,-0.34503916,0.72545248,-0.68251485,0.08883864,0.00000000
-0.30940130,0.27263978,-0.69288415,-0.72545248,0.68251485,-0.08883864,0.00000000
-0.24422525,-0.09064985,-0.82152241,0.32781777,0.22914201,-0.91653121,0.00000000
-0.04342606,-0.53699517,-0.50846243,-0.60518950,-0.69402272,-0.38997209,0.00000000
0.14883551,-0.34133378,0.69469082,-0.32781777,-0.22914201,0.91653121,0.00000000
0.43493545,-0.22153398,0.12526557,0.72545248,-0.68251485,0.08883864,0.00000000
0.35517859,-0.28995624,0.25089371,0.72545248,-0.68251485,0.08883864,0.00000000
0.86308253,0.27409148,-0.33428025,0.32781777,0.22914201,-0.91653121,0.00000000
-0.02689313,-0.43441069,-0.71668631,-0.60518950,-0.69402272,-0.38997209,0.00000000
-0.33181933,0.35884729,0.15248130,-0.72545248,0.68251485,-0.08883864,0.00000000
0.62517881,-0.07727430,-0.31995896,0.72545248,-0.68251485,0.08883864,0.00000000
0.12732054,-0.55206501,0.09788688,0.72545248,-0.68251485,0.08883864,0.00000000
0.00051438,-0.21849951,0.67235023,-0.32781777,-0.22914201,0.91653121,0.00000000
-0.07693432,-0.76502752,0.12970941,0.72545248,-0.68251485,0.08883864,0.00000000
0.38108954,0.31936595,0.36581871,0.60518950,0.69402272,0.38997209,0.00000000
-0.45043153,0.10467277,-0.83166647,-0.72545248,0.68251485,-0.08883864,0.00000000
0.14623517,0.27945763,0.80130810,0.60518950,0.69402272,0.38997209,0.00000000
0.12178402,0.38913107,-0.57066107,0.32781777,0.22914201,-0.91653121,0.00000000
0.24820262,0.22616677,0.73790723,0.60518950,0.69402272,0.38997209,0.00000000
0.71642458,0.23963742,-0.01268991,0.60518950,0.69402272,0.38997209,0.00000000
-0.51189351,-0.20526591,-0.37182716,-0.60518950,-0.69402272,-0.38997209,0.00000000
-0.34038755,-0.61536223,0.09185342,-0.60518950,-0.69402272,-0.38997209,0.00000000
-0.17515233,-0.68123931,-0.04733196,-0.60518950,-0.69402272,-0.38997209,0.00000000
-0.43519521,0.20902662,-0.15437336,-0.72545248,0.68251485,-0.08883864,0.00000000
0.73893929,0.12956449,0.14826389,0.60518950,0.69402272,0.38997209,0.00000000
0.00607149,0.01406221,0.73248065,-0.32781777,-0.22914201,0.91653121,0.00000000
-0.06888747,0.62449443,0.04626113,-0.72545248,0.68251485,-0.08883864,0.00000000
0.75018400,0.05314977,-0.33874476,0.72545248,-0.68251485,0.08883864,0.00000000
0.56265235,0.29332989,-0.43692598,0.32781777,0.22914201,-0.91653121,0.00000000
0.44057170,0.05299730,0.74755865,0.60518950,0.69402272,0.38997209,0.00000000
0.21273945,-0.48196521,-0.06108971,0.72545248,-0.68251485,0.08883864,0.00000000
0.15316688,-0.51164830,-0.78464007,0.32781777,0.22914201,-0.91653121,0.00000000
-0.03102679,0.65226591,0.41292039,0.60518950,0.69402272,0.38997209,0.00000000
0.14763217,0.38206559,0.61653143,0.60518950,0.69402272,0.38997209,0.00000000
-0.34064314,0.05944359,0.61981618,-0.32781777,-0.22914201,0.91653121,0.00000000
-0.23462720,-0.39782071,-0.45942640,-0.60518950,-0.69402272,-0.38997209,0.00000000
-0.47136685,-0.56303394,0.20199022,-0.60518950,-0.69402272,-0.38997209,0.00000000
0.69890404,0.17728633,0.12546450,0.60518950,0.69402272,0.38997209,0.00000000
-0.16698804,-0.07792934,0.64758325,-0.32781777,-0.22914201,0.91653121,0.00000000
-0.25420022,-0.71159738,0.45796651,-0.32781777,-0.22914201,0.91653121,0.00000000
-0.67995512,-0.31396005,0.08242404,-0.60518950,-0.69402272,-0.38997209,0.00000000
-0.01931461,0.03332743,-0.71008253,0.32781777,0.22914201,-0.91653121,0.00000000
-0.44665673,-0.20290029,-0.47727683,-0.60518950,-0.69402272,-0.38997209,0.00000000
-0.04100534,-0.49137142,-0.59341437,-0.60518950,-0.69402272,-0.38997209,0.00000000
0.36186367,-0.29161200,0.18358271,0.72545248,-0.68251485,0.08883864,0.00000000
0.20440421,0.55135822,-0.50055170,0.32781777,0.22914201,-0.91653121,0.00000000
-0.67073071,-0.42390844,0.26378095,-0.60518950,-0.69402272,-0.38997209,0.00000000
-0.01979913,0.46186197,0.73435318,0.60518950,0.69402272,0.38997209,0.00000000
0.44764000,-0.17221253,0.40043950,0.72545248,-0.68251485,0.08883864,0.00000000
0.23886487,-0.53552508,-0.68590939,0.72545248,-0.68251485,0.08883864,0.00000000
0.51241922,0.22191213,0.33544692,0.60518950,0.69402272,0.38997209,0.00000000
-0.24654375,-0.55813491,-0.15562661,-0.60518950,-0.69402272,-0.38997209,0.00000000
-0.28403038,0.07342002,0.64355928,-0.32781777,-0.22914201,0.91653121,0.00000000
0.19156589,-0.43842164,0.44634250,0.72545248,-0.68251485,0.08883864,0.00000000
0.42603546,0.54681718,-0.10872062,0.60518950,0.69402272,0.38997209,0.00000000
0.45119110,0.21493913,0.44287518,0.60518950,0.69402272,0.38997209,0.00000000
0.76282501,0.34105846,-0.26519397,0.60518950,0.69402272,0.38997209,0.00000000
-0.58861053,-0.50599623,0.28242978,-0.60518950,-0.69402272,-0.38997209,0.00000000
0.22803314,0.23376542,0.75568479,0.60518950,0.69402272,0.38997209,0.00000000
-0.15494953,0.44571936,-0.62442321,-0.72545248,0.68251485,-0.08883864,0.00000000
0.32273906,0.70243329,-0.42045635,0.32781777,0.22914201,-0.91653121,0.00000000
0.56026918,-0.15806794,-0.41061744,0.72545248,-0.68251485,0.08883864,0.00000000
0.47638595,0.17853373,0.46856546,0.60518950,0.69402272,0.38997209,0.00000000
-0.22953208,0.28982180,0.71715444,-0.32781777,-0.22914201,0.91653121,0.00000000
0.04133324,0.39223045,0.76340443,0.60518950,0.69402272,0.38997209,0.00000000
0.29180995,0.47153050,-0.48924682,0.32781777,0.22914201,-0.91653121,0.00000000
0.03234130,-0.21775006,-0.75437850,0.32781777,0.22914201,-0.91653121,0.00000000
-0.08968215,0.17927764,-0.69876206,0.32781777,0.22914201,-0.91653121,0.00000000
-0.51284981,-0.17116135,0.50056916,-0.32781777,-0.22914201,0.91653121,0.00000000
0.74087018,0.12954369,0.14530444,0.60518950,0.69402272,0.38997209,0.00000000
0.34265673,-0.23930377,0.74229097,0.72545248,-0.68251485,0.08883864,0.00000000
0.29334605,0.26728603,-0.53976059,0.32781777,0.22914201,-0.91653121,0.00000000
-0.61055398,-0.07629012,0.48934186,-0.32781777,-0.22914201,0.91653121,0.00000000
-0.13605997,0.34077540,0.76332575,-0.32781777,-0.22914201,0.91653121,0.00000000
-0.77038044,-0.16950832,0.40887088,-0.32781777,-0.22914201,0.91653121,0.00000000
-0.35196269,0.24647664,-0.54633176,-0.72545248,0.68251485,-0.08883864,0.00000000
-0.11500840,-0.77203017,0.38682207,0.72545248,-0.68251485,0.08883864,0.00000000
0.18028206,0.72884017,-0.05128227,0.60518950,0.69402272,0.38997209,0.00000000
0.07431474,0.77330583,0.02014172,-0.72545248,0.68251485,-0.08883864,0.00000000
0.59594381,0.33619413,0.00244237,0.60518950,0.69402272,0.38997209,0.00000000
-0.05843473,0.60759062,-0.16896100,-0.72545248,0.68251485,-0.08883864,0.00000000
0.05827598,-0.68054354,-0.32535240,0.72545248,-0.68251485,0.08883864,0.00000000
-0.50324392,0.07607280,0.56581593,-0.32781777,-0.22914201,0.91653121,0.00000000
0.14201608,0.12399404,-0.62971157,0.32781777,0.22914201,-0.91653121,0.00000000
-0.29949206,0.32168758,-0.39698637,-0.72545248,0.68251485,-0.08883864,0.00000000
0.16742161,0.77242208,-0.45851117,0.32781777,0.22914201,-0.91653121,0.00000000
-0.61751997,-0.14694411,-0.31170151,-0.60518950,-0.69402272,-0.38997209,0.00000000
0.01065514,-0.67214274,-0.35187146,-0.60518950,-0.69402272,-0.38997209,0.00000000
-0.25677520,0.43769923,0.14546500,-0.72545248,0.68251485,-0.08883864,0.00000000
-0.19089518,-0.74185807,0.47304347,-0.32781777,-0.22914201,0.91653121,0.00000000
0.67706716,0.04376640,0.18623477,0.72545248,-0.68251485,0.08883864,0.00000000
-0.11850663,-0.43995014,0.57441485,-0.32781777,-0.22914201,0.91653121,0.00000000
0.41579676,-0.24483939,0.10250415,0.72545248,-0.68251485,0.08883864,0.00000000
-0.04577037,-0.54977113,-0.48208740,-0.60518950,-0.69402272,-0.38997209,0.00000000
0.09152345,0.30714196,0.83631730,-0.32781777,-0.22914201,0.91653121,0.00000000
0.53809845,0.52487910,-0.38781857,0.32781777,0.22914201,-0.91653121,0.00000000
0.61965925,-0.00250532,0.29953641,0.72545248,-0.68251485,0.08883864,0.00000000
-0.62831527,-0.29756480,-0.02689285,-0.60518950,-0.69402272,-0.38997209,0.00000000
-0.37280649,0.36512256,0.53539163,-0.72545248,0.68251485,-0.08883864,0.00000000
0.21369056,0.59260660,0.13932271,0.60518950,0.69402272,0.38997209,0.00000000
0.73093355,0.38659787,-0.35341856,0.32781777,0.22914201,-0.91653121,0.00000000
-0.29809651,-0.41988942,-0.32165465,-0.60518950,-0.69402272,-0.38997209,0.00000000
-0.17588122,-0.49801534,-0.37227944,-0.60518950,-0.69402272,-0.38997209,0.00000000
-0.53899872,-0.00410935,0.53298110,-0.32781777,-0.22914201,0.91653121,0.00000000
-0.39687499,0.28529769,0.11866803,-0.72545248,0.68251485,-0.08883864,0.00000000
-0.26115528,0.41986674,0.04423218,-0.72545248,0.68251485,-0.08883864,0.00000000
-0.23923102,0.45845914,0.16169082,-0.72545248,0.68251485,-0.08883864,0.00000000
0.18134174,-0.25400829,0.72814965,-0.32781777,-0.22914201,0.91653121,0.00000000
-0.25812694,-0.20870461,0.58229023,-0.32781777,-0.22914201,0.91653121,0.00000000
-0.50886619,-0.26276004,-0.27420449,-0.60518950,-0.69402272,-0.38997209,0.00000000
0.55942231,-0.15179354,-0.35549816,0.72545248,-0.68251485,0.08883864,0.00000000
-0.76583195,-0.22135709,0.05089167,-0.60518950,-0.69402272,-0.38997209,0.00000000
-0.44134989,0.09214339,0.59197152,-0.32781777,-0.22914201,0.91653121,0.00000000
0.23298797,-0.53398287,-0.62607074,0.72545248,-0.68251485,0.08883864,0.00000000
-0.82946008,-0.16027936,0.22793417,-0.72545248,0.68251485,-0.08883864,0.00000000
-0.01308798,-0.55871260,0.58242840,-0.32781777,-0.22914201,0.91653121,0.00000000
-0.02532776,-0.65757638,-0.32195377,-0.60518950,-0.69402272,-0.38997209,0.00000000
0.60368240,0.52262485,-0.34135264,0.60518950,0.69402272,0.38997209,0.00000000
0.60225642,0.52010030,-0.33464685,0.60518950,0.69402272,0.38997209,0.00000000
-0.28341326,0.23889104,0.68514943,-0.32781777,-0.22914201,0.91653121,0.00000000
0.40432376,-0.30437621,-0.26120704,0.72545248,-0.68251485,0.08883864,0.00000000
0.52831966,-0.12404671,0.11165343,0.72545248,-0.68251485,0.08883864,0.00000000
0.18517983,0.24545634,-0.58390623,0.32781777,0.22914201,-0.91653121,0.00000000
-0.78604215,-0.16476272,0.40445554,-0.32781777,-0.22914201,0.91653121,0.00000000
-0.42627099,0.14588277,-0.71235925,-0.72545248,0.68251485,-0.08883864,0.00000000
0.09658430,-0.54601228,0.39537847,0.72545248,-0.68251485,0.08883864,0.00000000
0.54568166,0.55181837,-0.30329749,0.60518950,0.69402272,0.38997209,0.00000000
-0.60550821,-0.20547198,-0.22618176,-0.60518950,-0.69402272,-0.38997209,0.00000000
0.39265367,-0.33842257,-0.42747548,0.72545248,-0.68251485,0.08883864,0.00000000
0.73899931,0.36623067,-0.27301770,0.60518950,0.69402272,0.38997209,0.00000000
-0.45375970,-0.43522361,-0.05279445,-0.60518950,-0.69402272,-0.38997209,0.00000000
-0.86463499,-0.28688076,0.32083267,-0.60518950,-0.69402272,-0.38997209,0.00000000
-0.19744384,0.45023996,-0.24268679,-0.72545248,0.68251485,-0.08883864,0.00000000
0.61323786,-0.05644623,-0.06243490,0.72545248,-0.68251485,0.08883864,0.00000000
-0.84757769,-0.17771763,0.24190916,-0.72545248,0.68251485,-0.08883864,0.00000000
-0.56894833,0.10012116,0.10116752,-0.72545248,0.68251485,-0.08883864,0.00000000
0.68408638,0.40890059,-0.26373801,0.60518950,0.69402272,0.38997209,0.00000000
0.54542106,0.07881963,-0.49671879,0.32781777,0.22914201,-0.91653121,0.00000000
-0.05560133,-0.68324804,-0.22928572,-0.60518950,-0.69402272,-0.38997209,0.00000000
0.20134394,-0.12735568,0.76696831,-0.32781777,-0.22914201,0.91653121,0.00000000
-0.24264996,0.35097784,-0.63613009,-0.72545248,0.68251485,-0.08883864,0.00000000
0.34878135,-0.33558500,-0.04741613,0.72545248,-0.68251485,0.08883864,0.00000000
-0.62543201,0.08048163,0.41152811,-0.72545248,0.68251485,-0.08883864,0.00000000
-0.44976151,0.01580082,-0.86167490,-0.60518950,-0.69402272,-0.38997209,0.00000000
0.22360045,-0.37861681,0.64420843,0.72545248,-0.68251485,0.08883864,0.00000000
-0.77836126,-0.08547796,0.38533506,-0.72545248,0.68251485,-0.08883864,0.00000000
-0.28303909,-0.80568981,0.34157649,-0.60518950,-0.69402272,-0.38997209,0.00000000
-0.41064784,-0.36169964,-0.25054744,-0.60518950,-0.69402272,-0.38997209,0.00000000
0.36105973,0.35407132,0.33513841,0.60518950,0.69402272,0.38997209,0.00000000
0.40650761,0.30938381,-0.48876095,0.32781777,0.22914201,-0.91653121,0.00000000
-0.41380331,-0.62671274,0.22598603,-0.60518950,-0.69402272,-0.38997209,0.00000000
-0.09564742,0.57677430,-0.10183420,-0.72545248,0.68251485,-0.08883864,0.00000000
-0.36485028,-0.13307339,-0.72849941,-0.60518950,-0.69402272,-0.38997209,0.00000000
0.58576810,-0.00403098,-0.50300127,0.32781777,0.22914201,-0.91653121,0.00000000
-0.51454949,-0.01136287,0.53991240,-0.32781777,-0.22914201,0.91653121,0.00000000
-0.09464919,-0.76061124,-0.03100682,-0.60518950,-0.69402272,-0.38997209,0.00000000
-0.60337359,-0.32843983,-0.01065196,-0.60518950,-0.69402272,-0.38997209,0.00000000
0.39562953,0.66911054,-0.27917650,0.60518950,0.69402272,0.38997209,0.00000000
-0.09453117,-0.25122648,-0.80812681,0.32781777,0.22914201,-0.91653121,0.00000000
-0.23571979,0.45937967,0.14009018,-0.72545248,0.68251485,-0.08883864,0.00000000
0.39449441,-0.18071051,0.76913697,0.72545248,-0.68251485,0.08883864,0.00000000
-0.21281360,0.52999771,0.49557227,-0.72545248,0.68251485,-0.08883864,0.00000000
0.43254134,0.13028823,0.62246817,0.60518950,0.69402272,0.38997209,0.00000000
-0.34341359,-0.30691838,-0.45237947,-0.60518950,-0.69402272,-0.38997209,0.00000000
-0.72736275,-0.27173421,0.08084682,-0.60518950,-0.69402272,-0.38997209,0.00000000
-0.54121763,-0.56015521,0.30526710,-0.60518950,-0.69402272,-0.38997209,0.00000000
